Target State
0	1
 
R	C
-2.464649352526689e-9	0.4999999963849944	-0.5000000037391598	0.24999999764609962
0.7071067811865475	8.030523366044958e-9
-5.475074278441944e-9	0.7071067811865474
 
 
Target State
0	2
 
R	B
-2.236142430682345e-9	-2.821234263211131e-9	0.35355338810618087	-0.2500000022616343
0.7071067811865475	0	0.7071067811865475
-4.967459526285283e-9	0	-6.267206786284261e-9
 
 
Target State
1	2
 
R	C	R	C
0.49999999686701474	-2.1165670239695924e-9	0.3535533809461	0.36698898656014917	-0.6021283302223072	0.6965825449846167
0	6.959743389581766e-9	0.7071067811865475
0	0.7071067811865475	-4.701829759131565e-9
 
R	C	B	C
-0.5000000037417248	-2.3225078155266e-9	-0.3535533936703722	-0.13301099805186034	0.39787167859938666	-0.19658256171431637
0	-8.312022644218831e-9	0.7071067811865475
0	-0.7071067811865474	-5.159315173671294e-9
 
 
Target State
0	3
 
C	R	B	C	R	C
-2.3686252206065324e-9	0.4999999962700573	2.2181622792824754e-9	0.28867513221839336	0.35355338302927664	-0.23256078776650052	0.43086452663315306	0.42487346657580893
0.7071067811865475	0	0	8.285849446537425e-9
-5.261762289762179e-9	0	0	0.7071067811865474
 
C	R	B	C	B	C
-5.105903852944222e-9	0.49999999670007733	2.68931848389959e-9	0.2886751340265648	0.35355338775389034	0.26743921194697	-0.4308645337780235	-0.0751265286761564
0.7071067811865474	0	0	7.330585097490746e-9
-1.1342466556061473e-8	0	0	0.7071067811865475
 
C	B	R	C	R	C
-2.3621479598294016e-9	0.49999999625990554	0.49999998297005815	0.2886751322128498	0.3535533765381122	-0.2674392209251065	0.5691354621110378	0.4248734571280919
0.7071067811865475	0	0	8.308400998539993e-9
-5.24737343406582e-9	0	0	0.7071067811865474
 
C	B	R	C	B	C
-2.3986236540381324e-9	0.4999999963034429	0.49999998548333646	0.28867513217721347	0.3535533751018056	0.2325607811632284	-0.5691354727677055	-0.07512654156367397
0.7071067811865475	0	0	8.211685344205268e-9
-5.328402053794547e-9	0	0	0.7071067811865474
 
R	C	B	C	B	C
-1.7650885268627e-9	0.499999996240222	0.28867513276126816	5.673063352146011e-10	0.35355338677539777	0.2674392141081821	-0.43086453435200417	-0.0751265306661597
0.7071067811865475	0	0	8.352126817440369e-9
-3.921040850168687e-9	0	0	0.7071067811865474
 
R	R	B	C	B	C
-9.83347869767142e-10	0.49999999513618604	0.16909991813939912	0.11957521397106187	0.353553387940464	0.2674392133510914	-0.4308645332692998	-0.07512653044174258
0.7071067811865475	0	0	1.0804678123843165e-8
-2.1844497364314046e-9	0	0	0.7071067811865474
 
R	B	C	C	B	C
-3.0378388041079025e-9	0.4999999988366058	0.28867513219810936	0.3535533893006276	0.04909303240411047	0.21834617945640372	-0.4308645361760928	-0.07512652771883029
0.7071067811865475	0	0	2.584412267648993e-9
-6.748381095823206e-9	0	0	0.7071067811865475
 
R	B	C	R	C	B
-2.4300515920343628e-9	0.4999999962176583	0.2886751323339985	-0.3535534573909976	0.3662803496472526	-0.7071068347980045	-0.1337195590278902	-0.45521140488756834
0.7071067811865475	0	0	8.40225076310988e-9
-5.398217378547022e-9	0	0	0.7071067811865474
 
R	B	C	R	B	C
-2.3719039404551187e-9	0.4999999962773956	0.2886751322250003	0.35355337715564283	0.2674392125992872	-1.0052155903421311e-8	-0.4308645296513117	-0.07512653489457992
0.7071067811865475	0	0	8.269547804575896e-9
-5.2690457739993216e-9	0	0	0.7071067811865474
 
R	B	C	B	C	C
-2.8019218121712926e-9	0.4999999960412974	0.288675132113315	0.35355338739394404	0.26743921266075205	-0.4308645344032185	-0.30149589718122105	0.22636936727090906
0.7071067811865475	0	0	8.794026199751999e-9
-6.224305306674802e-9	0	0	0.7071067811865474
 
R	B	C	B	C	R
-2.390003760865755e-9	0.49999999879980644	0.28867513221913077	0.35355338808732456	0.2674392121095753	-0.430864535045703	-0.07512652905988142	-0.3982063842462589
0.7071067811865475	0	0	2.6661597595473473e-9
-5.309253465642395e-9	0	0	0.7071067811865475
 
R	B	C	B	C	B
-2.3260351914356876e-9	0.49999999659412087	0.2886751322934339	0.3535533873104997	0.2674392126986581	-0.43086453465165064	-0.07512652996257722	3.3654497983064455e-10
0.7071067811865475	0	0	7.565961269184686e-9
-5.167151032792772e-9	0	0	0.7071067811865474
 
R	B	C	B	R	C
-1.4738140031334478e-9	0.4999999965007411	0.2886751330688812	0.3535533855293681	0.26743921120492975	-0.4308645330792874	1.3983696447960746e-8	-0.07512653157410883
0.7071067811865475	0	0	7.773398901650314e-9
-3.2739915442702376e-9	0	0	0.7071067811865474
 
R	B	C	B	B	C
-2.241302149747901e-9	0.4999999964722193	0.28867513214559665	0.353553386904434	0.26743921260898246	-0.08504400321563702	-0.3458205303691835	-0.07512653000606956
0.7071067811865475	0	0	7.83675841272804e-9
-4.978921540186308e-9	0	0	0.7071067811865474
 
R	B	R	C	B	C
-3.3182189771113783e-9	0.4999999970822332	0.2886751322301985	0.3535533865171192	-7.376954053668661e-9	0.2674392136722299	-0.43086453705306516	-0.07512653418499693
0.7071067811865475	0	0	6.4816481947923605e-9
-7.371229239240723e-9	0	0	0.7071067811865475
 
R	B	B	C	B	C
-2.370407618175248e-9	0.4999999962736052	0.2886751322224914	0.5120286870145174	-0.1584752994181243	0.26743921293455214	-0.4308645347503015	-0.07512652979482945
0.7071067811865475	0	0	8.277968053422571e-9
-5.265721781635709e-9	0	0	0.7071067811865474
 
B	R	B	C	B	C
-2.83165189446963e-9	0.4999999994681652	-1.8812369376381223e-9	0.2886751317634949	0.3535533883979286	0.26743921206090554	-0.43086453502479494	-0.07512652910004718
0.7071067811865475	0	0	1.1814399792397812e-9
-6.290348944371467e-9	0	0	0.7071067811865475
 
 
Target State
1	3
 
C	B	R	B
0.4999999957931164	0.49999999717793253	0.49999999660071937	0.28867513274064915	-0.22925587790733867	0.31198479796034584
0	9.345345796537041e-9	0	6.269057832895823e-9
0	0.7071067811865474	0	0.7071067811865475
 
R	C	R	B
0.4999999957868087	0.4999999958178062	0.2886751296629475	-0.5000000037137625	0.22925587220253907	-0.3119848047062322
0	9.359357929675317e-9	0	9.290498855742561e-9
0	0.7071067811865474	0	0.7071067811865474
 
R	B	C	B
0.49999999807673534	0.49999999698391256	-0.28867513519174015	-0.47785090761628746	0.49999999627341557	-0.3119848015007976
0	4.272419926053886e-9	0	6.700061715599664e-9
0	0.7071067811865475	0	0.7071067811865475
 
R	B	R	C
0.49999999725030186	-0.500000002812531	-0.28867513834542013	-0.22925588075102155	-0.3119847994486748	0.49999999707344145
0	6.108293553903258e-9	0	-6.2478728027736895e-9
0	0.7071067811865475	0	-0.7071067811865475
 
 
Target State
2	3
 
R	C	R	C	R	C
-3.0462944311210844e-9	0.4999999951100748	-0.2886751372453098	0.411839222454348	0.40915155807782355	0.5756292932188117	-0.5593978915044959	0.29191600143447066
0	0	0.7071067811865475	1.0862682677581304e-8
0	0	-6.767164776317355e-9	0.7071067811865474
 
R	C	R	C	B	C
1.478188920398282e-9	0.5000000001679082	-0.2886751346009936	0.41183921601153084	0.4091515620360822	0.07562928625917835	-0.440602119936459	0.20808399367264532
0	0	0.7071067811865475	-3.7299818660317884e-10
0	0	3.283710166906131e-9	0.7071067811865475
 
R	C	B	C	R	C
-2.3682298104393127e-9	-0.5000000033065343	0.28867513227879105	-0.08816078035669085	-0.29795522445406636	-0.1501285271430978	0.4130019727998877	0.34506184660269323
0	0	0.7071067811865475	-7.345272283790652e-9
0	0	-5.260883909219421e-9	-0.7071067811865475
 
R	C	B	C	B	C
-2.360749313133506e-9	0.49999999632871706	-0.2886751372711378	-0.08816078252730745	0.29795521580685486	0.34987146717457845	0.4130019717817192	-0.1549381492667259
0	0	0.7071067811865475	8.155540250965949e-9
0	0	-5.244266422294967e-9	0.7071067811865474
 
 
Target State
0	4
 
R	B	R	B
7.530884165760894e-10	-1.2020965948674177e-9	-0.25000000236808795	-0.28867513734059985	0.20339585591903325	0.3564964484143195
0.7071067811865475	0	0	0	0.7071067811865475
1.6729418384653036e-9	0	0	0	-2.6703872256773595e-9
 
 
Target State
1	4
 
R	B	C	R	C	B	C
-0.5000000034232066	-1.1245425209141911e-9	-0.2500000004184223	-0.8660254167943623	0.13691980133548826	1.1059401554336907	-0.07033462284625988	0.6200452360625202	0.16067296150862914
0	-7.604453098278434e-9	0	0	0.7071067811865475
0	-0.7071067811865474	0	0	-2.4981053897016282e-9
 
R	B	C	B	C	R	C
-0.5000000037011658	-1.5475274054776222e-9	-0.2500000033745716	-0.2886751376956264	-0.3103628398934703	0.33260013008648404	-0.10669676563500698	-0.443447060089349	-0.37434768811583197
0	-8.221923202495756e-9	0	0	0.7071067811865475
0	-0.7071067811865474	0	0	-3.437741553064505e-9
 
 
Target State
2	4
 
R	B	R	B
-2.5412811668205847e-9	-3.022278063809233e-9	-0.2500000015216585	0.21188119978044648	-0.22475973501923438	0.37203302167326774
0	0	0.7071067811865475	0	0.7071067811865475
0	0	-5.6453073685651794e-9	0	-6.713813822034171e-9
 
 
Target State
3	4
 
R	C	R	C	R	C	R	C
0.499999996765881	-2.8873857341294197e-9	-0.2500000089986252	0.5655512492421313	-0.25315082972097025	0.620223468435907	0.4159145665799371	0.4433064545461496	0.4632259578669014	0.318703887960097
0	0	0	7.184406035383877e-9	0.7071067811865475
0	0	0	0.7071067811865475	-6.414158407022732e-9
 
R	C	R	C	R	C	B	C
-0.5000000043249136	-1.6737253612712306e-9	-0.250000003545392	0.43444872279377034	0.3241994595927293	0.5378868222223748	-0.37765752913742145	-0.10293042023732926	0.4221285826755273	-0.19920414621760796
0	0	0	-9.607542515033102e-9	0.7071067811865475
0	0	0	-0.7071067811865474	-3.7180829253774485e-9
 
R	C	R	C	B	C	R	C
0.49999999607864043	-2.4306832121875273e-9	0.24999998902448073	-0.5655513128693089	-0.324199481414158	0.037886796543812794	0.3294492697500491	0.13626255299378537	-0.4100823542669993	-0.3254461293247108
0	0	0	8.71107083572518e-9	0.7071067811865475
0	0	0	0.7071067811865474	-5.399620485747968e-9
 
R	C	R	C	B	C	B	C
0.4999999962750401	0.9999999925492488	0.2500000025722113	-0.4344487376645777	-0.3241994498959098	-0.03788685669206937	1.0365560042225184	0.2688799831364777	-0.5161721269636601	0.018186422160070537
0	0	0	8.27478045171295e-9	-0.7071067811865474
0	0	0	0.7071067811865474	1.6551407960194297e-8
 
R	C	B	C	R	C	R	C
0.49999999685133173	-2.6086530993118865e-9	-0.2500000085684325	0.06555125863901608	-0.32419945085896446	-0.037886850712226104	0.32944923015591765	0.3637374051498312	-0.5899176706494209	-0.3254461514824945
0	0	0	6.994582328156747e-9	0.7071067811865475
0	0	0	0.7071067811865475	-5.79497017325336e-9
 
R	C	B	C	R	C	B	C
0.499999996293686	-2.3837813936359377e-9	0.24999999244588494	-0.06555129841379953	0.32419947097313684	0.03788680021594117	0.3776575058795909	-0.10293043311178779	0.5778714141385786	0.19920412987487873
0	0	0	8.233359685551169e-9	0.7071067811865475
0	0	0	0.7071067811865474	-5.295430841042239e-9
 
R	C	B	C	B	C	R	C
-0.5000000037435383	-1.000000007381222	-0.2500000057095747	0.06555126587060807	0.25315081425458624	0.6202234839888934	-0.4159145750035407	-0.056693533903562056	0.4632259668129858	0.3187039005718828
0	0	0	-8.316051030440077e-9	-0.7071067811865474
0	0	0	-0.7071067811865474	1.6396952767546494e-8
 
R	C	B	C	B	C	B	C
-0.5000000039135848	-2.5666125648744524e-9	-0.24999999765057304	-0.06555130317382848	0.2531507849973365	-0.6202235291129355	-0.41591459000514797	0.5566934991096127	-0.46322600366275246	0.18129607006803522
0	0	0	-8.693799575074807e-9	0.7071067811865475
0	0	0	-0.7071067811865474	-5.701579586671793e-9
 
 
Target State
0	5
 
R	C	R	B	C	B	C	B	C
-2.380669399095487e-9	-0.5000000038422371	-0.22360680012188827	-0.5000000138217872	-0.2500000013421059	0.28867513310702103	-0.31036283974343565	-0.33260014003365623	0.393303231115063	-0.4434470696757992	0.12565231521858622
0.7071067811865475	0	0	0	0	-8.535304707722022e-9
-5.288517727318534e-9	0	0	0	0	-0.7071067811865474
 
R	C	B	R	C	R	C	B	C
-2.3453000408121213e-9	-0.5000000037567452	-0.22360680012101075	9.349419636689668e-10	0.2499999973511843	0.2886751313836017	-0.31036283903789624	-0.3326001345703881	0.14400113315334148	-0.40341577990061867	-0.008691562490901599
0.7071067811865475	0	0	0	0	-8.345389621113796e-9
-5.209946768093146e-9	0	0	0	0	-0.7071067811865474
 
R	B	C	B	C	R	C	B	C
-2.510934738400863e-9	-0.5000000037926426	-0.22360680015178985	-0.2500000035508574	-0.5000000084664905	0.288675130893381	0.18963716569404088	-0.3745066558090677	0.11910598923661607	-0.3817929227825961	0.04680918394586571
0.7071067811865475	0	0	0	0	-8.425133518025624e-9
-5.577894554035166e-9	0	0	0	0	-0.7071067811865474
 
R	B	C	B	C	B	C	B	C
-2.5735703335555493e-9	0.49999999665940864	-0.22360680020281676	-0.25000000229726954	-0.5000000071695151	0.2886751330089065	0.31036282905756984	-0.3326001322467609	0.35599887065042896	0.40341576836616827	0.008691561372966053
0.7071067811865475	0	0	0	0	7.42092821756341e-9
-5.7170358625522415e-9	0	0	0	0	0.7071067811865475
 
R	B	R	C	R	C	B	C	C
-3.061282699907428e-9	-0.5000000039075942	-0.22360679987060178	-0.2500000019110654	0.28867513389912675	-0.3103628335308918	-0.3326001340532493	-0.10669676103648597	0.4434470490590364	0.002190952866621583	0.12346135900002729
0.7071067811865475	0	0	0	0	-8.680491785413494e-9
-6.800460338149045e-9	0	0	0	0	-0.7071067811865474
 
R	B	R	C	R	C	B	C	R
-2.1765924064818458e-9	-0.5000000038291211	-0.22360680021545015	-0.2500000022841152	0.28867513354615987	-0.3103628348123056	-0.3326001342441615	-0.10669676112219116	0.4434470509563903	0.12565231101096294	0.08212934707371249
0.7071067811865475	0	0	0	0	-8.506168344956981e-9
-4.835172633041625e-9	0	0	0	0	-0.7071067811865474
 
R	B	R	C	R	C	B	B	C
-2.8372808530683473e-9	0.49999999682072016	-0.2236067990660397	-0.2500000037406517	0.28867513138837586	0.3103628265889273	-0.332600130937422	0.1066967520405403	0.3407104429536069	0.10273660247875087	-0.12565231610564268
0.7071067811865475	0	0	0	0	7.062584131607062e-9
-6.302853346430386e-9	0	0	0	0	0.7071067811865475
 
R	B	R	C	R	R	C	R	C
-2.321574812768754e-9	0.49999999633568176	0.22360679538836423	-0.2500000015006864	0.2886751333198398	-0.31036283952818067	-0.15323841255638687	-0.1793617222836876	0.39330323396943007	-0.44344706196169936	-0.37434768804148366
0.7071067811865475	0	0	0	0	8.140068559878078e-9
-5.1572425626542486e-9	0	0	0	0	0.7071067811865474
 
R	B	R	C	B	C	R	B	C
-2.4525865283783705e-9	0.4999999970059047	0.22360679578150452	-0.25000000077182216	0.28867512129297823	0.18963716353098845	0.3326001189826995	-0.10669678312254846	0.5565529286733303	-7.581943403538039e-8	0.3743476677680977
0.7071067811865475	0	0	0	0	6.651207503701489e-9
-5.4482774206446605e-9	0	0	0	0	0.7071067811865475
 
R	B	R	C	B	C	B	C	B
-2.6401171261683737e-9	-0.5000000036473069	-0.22360680014856826	-0.2500000027806214	-0.28867512103595433	0.1896371757106623	-0.3326001443926141	-0.35599887983258516	0.40341411870302324	-0.008691570574270092	1.6560744277210431e-6
0.7071067811865475	0	0	0	0	-8.102278702940643e-9
-5.8648656672965825e-9	0	0	0	0	-0.7071067811865474
 
R	B	R	C	B	R	C	R	C
-2.411126848150381e-9	0.499999996289991	0.22360679538743158	-0.2500000014322629	0.28867512560781217	-0.3103628394147901	-7.73480150360515e-9	-0.3326001306467766	0.39330323745418805	-0.443447062541077	-0.3743476837139112
0.7071067811865475	0	0	0	0	8.241567971915921e-9
-5.356177167691442e-9	0	0	0	0	0.7071067811865474
 
R	B	R	R	C	R	C	R	C
-2.4554343472002627e-9	0.4999999961910253	0.22360679539122336	-0.25000000140077794	0.3225666809776598	-0.033891547592635414	-0.3103628394952143	-0.3326001351232956	0.39330323381825366	-0.4434470619132081	-0.3743476881836023
0.7071067811865475	0	0	0	0	8.46141435910102e-9
-5.4546036834720365e-9	0	0	0	0	0.7071067811865474
 
R	B	R	R	C	R	C	B	C
-1.2769984234902615e-9	0.4999999962884252	0.22360679537708028	0.2499999974127798	0.19965257413046344	0.08902255749218435	-0.3103628390792971	-0.3326001342179783	0.14400113280847993	-0.4034157801620983	-0.008691561737347161
0.7071067811865475	0	0	0	0	8.24504635474889e-9
-2.836777253890007e-9	0	0	0	0	0.7071067811865474
 
R	B	R	B	C	R	C	B	C
-2.734184400674077e-9	-0.50000000379651	-0.2236068001299679	0.24999999751373045	0.2886751312461654	-1.20870825033584e-8	-0.31036283904456	-0.33260014505086505	0.14400113628709807	-0.40341578214240276	-0.008691568236423652
0.7071067811865475	0	0	0	0	-8.433724592931804e-9
-6.0738306117668064e-9	0	0	0	0	-0.7071067811865474
 
R	B	R	B	C	B	C	B	C
-2.6883308625773546e-9	-0.5000000038526283	-0.22360680007501196	0.2499999952518519	-0.28867513819842	-3.978225771284127e-9	0.18963716331141595	0.37450664728243604	0.35292033473775797	-0.5745555885183437	-0.05442338641169547
0.7071067811865475	0	0	0	0	-8.558388207049591e-9
-5.971969660734746e-9	0	0	0	0	-0.7071067811865474
 
R	B	B	R	C	R	C	B	C
-2.0857828035971594e-9	-0.5000000037378283	-0.22360680016178158	0.11350800790803509	0.13649198931974818	0.2886751314873071	-0.310362839085075	-0.3326001343373887	0.14400113296041725	-0.4034157796501444	-0.008691561695885117
0.7071067811865475	0	0	0	0	-8.303366724494108e-9
-4.63344441540297e-9	0	0	0	0	-0.7071067811865474
 
B	R	B	R	C	R	C	B	C
-2.677874284020393e-9	0.4999999960552085	-2.828171253295255e-9	0.22360679534489247	0.24999999600707942	-0.2886751378231117	-0.31036284053677476	0.33260013129393756	-0.1066967696079046	-0.44344706185379157	0.1256523129015627
0.7071067811865475	0	0	0	0	8.763123482970939e-9
-5.9487409835036266e-9	0	0	0	0	0.7071067811865474
 
B	R	B	R	C	B	C	B	C
-2.372908991066704e-9	0.49999999627675	-3.0977823952134437e-9	0.22360679537991673	0.2499999953055748	-0.28867513831066055	0.189637162762068	0.37450664506931425	0.35292033309419185	-0.5745555891368297	-0.054423384703840505
0.7071067811865475	0	0	0	0	8.270981927027658e-9
-5.27127843510642e-9	0	0	0	0	0.7071067811865474
 
 
Target State
1	5
 
R	C	R	B	R	B
0.49999999625173136	-0.500000003588824	0.2236067941905097	0.49999999627470804	-0.25000000187358007	0.39890858359973724	-0.23291060633962976	0.47291781730793997
0	8.326559431843162e-9	0	0	0	-7.972362344502328e-9
0	0.7071067811865474	0	0	0	-0.7071067811865474
 
R	B	C	B	R	B
0.4999999962974498	-0.5000000037501738	0.22360679424453336	0.24999999610114965	-0.5000000037252055	-0.17844168617377573	0.3640445418436128	-0.3280323472097943
0	8.224998629190185e-9	0	0	0	-8.330791686479184e-9
0	0.7071067811865474	0	0	0	-0.7071067811865474
 
R	B	R	C	R	B
0.49999999616207064	-0.5000000034120718	0.22360679343851744	0.2499999968104309	0.17844168040097197	-0.500000003705277	0.364044539573592	-0.3280323480685291
0	8.525735551809688e-9	0	0	0	-7.579717861684329e-9
0	0.7071067811865474	0	0	0	-0.7071067811865474
 
R	B	R	B	C	B
0.4999999969920676	-0.500000003619394	0.2236067929248871	-0.25000000319295623	-0.39890859095981346	-0.23291060715366335	0.499999996290736	0.4729178140542742
0	6.681945831802125e-9	0	0	0	-8.040271826516074e-9
0	0.7071067811865475	0	0	0	-0.7071067811865474
 
R	B	R	B	R	C
-0.5000000037329146	0.49999999627615005	0.22360679593758145	0.24999999723119143	0.1784416823963917	-0.3640445468603682	-0.6719676606595525	-0.5000000037252892
0	-8.292451284712093e-9	0	0	0	8.272314778515834e-9
0	-0.7071067811865474	0	0	0	0.7071067811865474
 
 
Target State
2	5
 
R	B	C	R	C	B	C	B	C
-2.5265231037696993e-9	-0.5000000035161271	-0.2236068007861495	0.24999999672436027	-0.1560623474338852	0.27997751168023405	-0.1384629802210354	0.28607409340696993	0.6043088441826929	0.4761881183247291	-0.062255406270401416
0	0	0.7071067811865475	0	0	-7.810870327655164e-9
0	0	-5.612523195300657e-9	0	0	-0.7071067811865474
 
R	B	C	B	C	R	C	R	C
-2.373746964045913e-9	-0.5000000037247486	-0.22360680052071133	0.24999999563119701	-0.6560623451524727	0.29737274813209513	-0.12776871825923783	0.34722435444018096	0.4005346148844266	0.6213845832438438	-0.5506575887523097
0	0	0.7071067811865475	0	0	-8.274311064481444e-9
0	0	-5.273139943032403e-9	0	0	-0.7071067811865474
 
R	B	C	B	C	R	C	B	C
-2.3594788045943094e-9	-0.5000000036924835	-0.22360680180941872	0.24999999712122975	0.3439376560720915	0.29737274914941886	-0.1277687215154928	0.3472243536425859	-0.09946537973131417	0.3786154072573478	0.05065757939784544
0	0	0.7071067811865475	0	0	-8.202636029724038e-9
0	0	-5.241444061939176e-9	0	0	-0.7071067811865474
 
R	B	C	B	C	B	C	R	C
-3.1259628709416533e-9	0.49999999669534667	-0.2236067998565228	0.2499999966407873	-0.3439376557145192	0.29737275072562935	-0.37223128309683323	0.35988242090870465	1.0508607445170668	0.3550305522515721	-0.44221053396321935
0	0	0.7071067811865475	0	0	7.341094040335208e-9
0	0	-6.944143552311606e-9	0	0	0.7071067811865475
 
R	B	C	B	C	B	C	B	C
-5.666372065299887e-9	-0.5000000022232115	0.22360679498491387	-0.25000000104079895	0.6560623399799814	0.2799775174645349	-0.36153702954133454	-0.28607410279382556	-0.6043088549653974	-0.47618813047015773	0.0622554030848188
0	0	0.7071067811865474	0	0	-4.938734106982042e-9
0	0	-1.2587513885089023e-8	0	0	-0.7071067811865475
 
 
Target State
3	5
 
C	B	R	B	R	B
-0.5000000047023759	0.4999999964896448	0.49999999874623474	-0.2236068002494778	0.30311670182998574	-0.32440888210106145	0.4476605856643969	0.31434440364881294
0	0	0	-1.0446052904741106e-8	0	7.79804856820542e-9
0	0	0	-0.7071067811865474	0	0.7071067811865474
 
R	C	R	B	R	B
0.4999999957081318	-0.5000000035100324	0.6708203855379488	0.49999999632941516	-0.6357369061442472	-0.22705147917734939	-0.37189287661621817	-0.5223803092817426
0	0	0	9.53413402778767e-9	0	-7.797331420383934e-9
0	0	0	0.7071067811865474	0	-0.7071067811865474
 
R	B	C	B	R	B
-0.5000000041531161	0.4999999984345099	-0.22360680141484565	0.3031166998753578	0.49999999656035415	-0.2529413899282879	0.4741789740657687	0.34732357614246906
0	0	0	-9.225904223341229e-9	0	3.4776447758010106e-9
0	0	0	-0.7071067811865474	0	0.7071067811865475
 
R	B	R	C	R	B
-0.5000000036600637	0.49999999639901327	-0.2236068018006407	-0.19688330224159947	0.3836404577025049	0.499999996260462	-0.30667129660949594	0.657670053208856
0	0	0	-8.13061714471818e-9	0	7.999381367173195e-9
0	0	0	-0.7071067811865474	0	0.7071067811865474
 
R	B	R	B	C	B
-0.5000000037081065	0.49999999625082314	-0.22360680570407962	0.30311669340351255	0.25294137716472714	-0.4741789855380884	0.49999999627472086	0.3473235825708019
0	0	0	-8.23734151044003e-9	0	8.32857700065257e-9
0	0	0	-0.7071067811865474	0	0.7071067811865474
 
R	B	R	B	R	C
-0.5000000023472366	0.4999999978086946	0.22360679392973745	0.19688329122303697	0.19370980356395348	0.25189199942412893	-0.5939752561481842	0.4999999953876045
0	0	0	-5.214248750326757e-9	0	4.867856765789253e-9
0	0	0	-0.7071067811865475	0	0.7071067811865475
 
 
Target State
4	5
 
R	C	R	C	R	C	R	C	R	C
-2.419954891398576e-9	0.49999999614351376	-0.22360680213682974	0.4479248342943519	0.275016522064124	0.5223763175003404	-0.3008341673644672	0.431702252279656	-0.3112916445232641	-0.6420841147233567	-0.41409467354389273	0.33821270365058265
0	0	0	0	0.7071067811865475	8.566958486321677e-9
0	0	0	0	-5.375788149053807e-9	0.7071067811865474
 
R	C	R	C	R	C	R	C	B	C
-2.6325957267175393e-9	-0.50000000366125	0.22360678956447896	0.44792479628009463	0.22498345224885224	0.40081014904050966	0.2418796156305464	-0.6134379448069213	0.30377154847492366	-0.10452319949145696	-0.45361022060864253	-0.12825422572629053
0	0	0	0	0.7071067811865475	-8.133252387900834e-9
0	0	0	0	-5.848157318650989e-9	-0.7071067811865474
 
R	C	R	C	R	C	B	C	R	C
-1.9267055067667862e-9	0.499999996021688	0.22360679368039318	-0.44792482008265255	0.2249834669600668	0.5991898172484238	0.24187963176609917	0.11343792922811483	0.40333522859150645	-0.05552218742483851	-0.46950149579828604	-0.6583170184440966
0	0	0	0	0.7071067811865475	8.83758731595346e-9
0	0	0	0	-4.280063511434961e-9	0.7071067811865474
 
R	C	R	C	R	C	B	C	B	C
-1.982257810981765e-9	0.4999999958248288	-0.22360680045934964	0.4479248298911919	0.2750165232783977	0.5223763161893683	0.27651610293774825	0.09717359069498031	-0.2976630421536201	-0.36196832339961266	-0.4252395016742508	0.14824128287821964
0	0	0	0	0.7071067811865475	9.274898574082325e-9
0	0	0	0	-4.403469703721017e-9	0.7071067811865474
 
R	C	R	C	B	C	R	C	R	C
-2.8172414867249338e-9	0.49999999590885785	0.22360679594700208	-0.4479248301183934	0.2249834744730631	0.09918980226635575	0.3354706275598291	-0.019950471069189842	0.3645122036145778	0.598643340788482	-0.5644032810140874	-0.6783913024845105
0	0	0	0	0.7071067811865475	9.08823295082659e-9
0	0	0	0	-6.258337067021058e-9	0.7071067811865474
 
R	C	R	C	B	C	R	C	B	C
-2.30650658946444e-9	-0.5000000035617627	-0.223606805577226	0.5520751484340399	-0.22498348491713396	0.09918980592441752	0.2418796294355623	0.11343794540066496	0.4033352391975466	-0.0555221860026628	0.530498505584201	0.15831702188154245
0	0	0	0	0.7071067811865475	-7.912247272481227e-9
0	0	0	0	-5.123769386540701e-9	-0.7071067811865474
 
R	C	R	C	B	C	B	C	R	C
-2.358144805435094e-9	-0.5000000037464224	0.2236067889147604	-0.5520752018778119	-0.27501654267060444	0.02237629013476624	0.27651611505791646	-0.40282641781753886	0.29766303894260027	0.13803168368396798	-0.42523949661105187	-0.3517587165858743
0	0	0	0	0.7071067811865475	-8.322458106736228e-9
0	0	0	0	-5.23848066088718e-9	-0.7071067811865474
 
R	C	R	C	B	C	B	C	B	C
-2.321305228921801e-9	-0.5000000038042748	0.22360679114014692	-0.552075192939573	-0.27501653732507614	0.022376300549109045	0.27651610978857466	-0.40282641200599123	0.29766303644171876	0.6380316855828583	-0.5747605116033099	-0.14824128594887337
0	0	0	0	0.7071067811865475	-8.450973628682904e-9
0	0	0	0	-5.156643697917234e-9	-0.7071067811865474
 
R	C	B	C	R	C	R	C	R	C
-2.294754300904497e-9	0.49999999615398405	0.22360679316850132	0.05207518119990432	0.27501653169836	-0.022376297817889725	-0.2765161191734437	0.4028264162384002	-0.29766303923302034	-0.6380316964461976	0.5747605103760213	0.6482412825881911
0	0	0	0	0.7071067811865475	8.543699450657228e-9
0	0	0	0	-5.097662365377059e-9	0.7071067811865474
 
R	C	B	C	R	C	R	C	B	C
-2.982102743449658e-9	0.49999999656230654	0.22360679743502612	0.05207516493271727	-0.22498347881460798	0.09918981164264108	0.24187962746460942	-0.38656205194498267	0.3037715364985436	0.10452321890456834	-0.4536102055243848	0.12825423432039343
0	0	0	0	0.7071067811865475	7.636634898971942e-9
0	0	0	0	-6.62456669935387e-9	0.7071067811865474
 
R	C	B	C	R	C	B	C	R	C
-2.3567520266550957e-9	0.49999999625090813	0.2236067997888323	0.05207515563271833	0.27501651602849775	-0.022376331010181195	-0.27651609920445297	-0.09717360913967801	-0.40944375617810547	0.06859403441811383	-0.5493714612502968	0.3043749658157119
0	0	0	0	0.7071067811865475	8.328388275539037e-9
0	0	0	0	-5.235386684348037e-9	0.7071067811865474
 
R	C	B	C	R	C	B	C	B	C
-2.362554832941131e-9	0.499999996260704	0.22360680074152753	0.0520751498375184	0.27501651074221584	-0.022376345770138813	-0.27651608775670716	-0.09717362670588525	-0.4094437652757654	-0.4314059813117226	-0.45062855919268036	0.19562502637422952
0	0	0	0	0.7071067811865475	8.306627265089418e-9
0	0	0	0	-5.24827727886887e-9	0.7071067811865474
 
R	C	B	C	B	C	R	C	R	C
-2.348153582948102e-9	-0.5000000037602619	0.22360679339501827	-0.05207517917068934	0.27501652629333817	-0.4776236890857213	0.2765161071374556	0.09717358508221914	0.40944373716605276	0.4314059400007477	-0.5493714806313665	-0.30437496382411916
0	0	0	0	0.7071067811865475	-8.353201616141978e-9
0	0	0	0	-5.216285744927779e-9	-0.7071067811865474
 
R	C	B	C	B	C	R	C	B	C
-2.217992862509354e-9	0.4999999959661284	0.22360679800326344	0.052075161600577194	-0.22498348053504888	-0.40081019807466955	-0.24187963915888813	0.11343794558224873	-0.403335253332108	-0.05552217970116106	0.46950149102683153	-0.1583170356996073
0	0	0	0	0.7071067811865475	8.961009771982658e-9
0	0	0	0	-4.927141322899922e-9	0.7071067811865474
 
R	C	B	C	B	C	B	C	R	C
-2.4575179371169566e-9	-0.5000000037774589	0.22360679177899456	-0.05207518811633934	-0.22498346608242273	0.4008101737305763	0.3354706373989605	-0.48004954763175633	0.34259458583278785	0.11225649194825353	-0.4306873936238588	-0.33104598704298327
0	0	0	0	0.7071067811865475	-8.391403849772703e-9
0	0	0	0	-5.4592322565175346e-9	-0.7071067811865474
 
R	C	B	C	B	C	B	C	B	C
-2.379812376997748e-9	-0.5000000038270233	0.22360679378264303	-0.05207518051677313	-0.22498347140802083	0.4008101802180715	0.33547063729785687	-0.48004954992711285	0.34259458886698024	0.6122564938061972	-0.5693126176298314	-0.16895402284584993
0	0	0	0	0.7071067811865475	-8.501507996521116e-9
0	0	0	0	-5.2866139028907e-9	-0.7071067811865474
 
 