Target State
0	1	2
 
R	C	R	C
-2.377492513636484e-9	-0.5000000037331673	-2.3872541241760616e-9	-0.35355338531886643	0.3669889878363598	0.7745691115458837	0.5766589403403828
0.5773502691896258	-6.771216555781588e-9	0.5773502691896258
-4.312294409705468e-9	-0.5773502691896257	-4.330000012696056e-9
 
R	C	B	C
-2.3545222956660924e-9	-0.5000000036503969	-2.7336600951344805e-9	-0.3535533947474408	-0.13301099493915922	0.22543088076838247	-0.07665896207150458
0.5773502691896258	-6.621087397522788e-9	0.5773502691896258
-4.270631042954449e-9	-0.5773502691896257	-4.958310942587373e-9
 
 
Target State
0	1	3
 
R	B	C	R	C
-2.3604478920291087e-9	0.49999999640440096	0.49999999608561163	0.28867513402760037	-0.2292558792060504	-0.16286028548878156	-0.5739514056824396	0.29475730516400983
0.5773502691896258	6.521695295856697e-9	0	7.099915176543281e-9
-4.281378885870397e-9	0.5773502691896257	0	0.5773502691896257
 
R	B	C	B	C
-2.4467623842325486e-9	0.4999999964326601	-0.5000000038864649	0.28867512995999456	0.22925587235998504	-0.3371397220544074	-0.28855488310546185	0.049782907192602546
0.5773502691896258	6.470438981846168e-9	0	-7.0492676018142445e-9
-4.437936056953196e-9	0.5773502691896257	0	-0.5773502691896257
 
 
Target State
0	2	3
 
R	C	R	C	R	C
-3.986309370597308e-10	-2.264989628221855e-9	-0.5000000022100796	-0.2886751500435984	0.5881607284004837	-0.2979552625433484	-0.5666102262015381	-0.5015328854997869	-0.21810557741145115
0.5773502691896258	0	0.5773502691896258	-4.008640927443363e-9
-7.230365402030303e-10	0	-4.108236747665899e-9	-0.5773502691896258
 
R	C	R	C	B	C
-2.3780396346598637e-9	-2.3578499746892403e-9	0.49999999626310865	0.2886751363403406	-0.4118392386330648	0.29795523453692857	-0.06661018785164674	-0.5015328077542254	0.2818944194793307
0.5773502691896258	0	0.5773502691896258	6.777971225218796e-9
-4.313286777469833e-9	0	-4.276666785051011e-9	0.5773502691896257
 
R	C	B	C	R	C
-2.408670276174769e-9	-2.4637951121572755e-9	-0.5000000037936143	-0.28867514504225267	0.08816075204566626	0.29795523769687354	-0.0666101911972381	0.4984671791102525	0.2181055733096237
0.5773502691896258	0	0.5773502691896258	-6.8808551707283345e-9
-4.368844615575654e-9	0	-4.46883000803424e-9	-0.5773502691896257
 
R	C	B	C	B	C
-2.2089406509535207e-9	-2.4126483474434133e-9	-0.5000000037920225	-0.28867513870256756	0.08816077170846924	0.29795522560322424	-0.5666101714353747	0.5015327711722912	0.2818944197415078
0.5773502691896258	0	0.5773502691896258	-6.877967906353486e-9
-4.006575148330616e-9	0	-4.3760600387136e-9	-0.5773502691896257
 
 
Target State
1	2	3
 
R	C	R	C	R	C
0.4999999963139491	-2.3091671118635415e-9	-0.5000000037687329	0.2886751246626474	-0.5881608026788301	-0.2842639223609383	-0.28900337879931554	-0.5360474656517022	-0.2974048968166503
0	6.685756831568396e-9	0.5773502691896258	-6.835725159441598e-9
0	0.5773502691896257	-4.188365839408656e-9	-0.5773502691896257
 
R	C	R	C	B	C
0.49999999625573155	-2.3304470244637155e-9	0.49999999622925234	0.28867513513259707	-0.4118392323091836	-0.5084488515905455	0.055086999890390176	0.36489022901154594	-0.16687773145470558
0	6.791351840578214e-9	0.5773502691896258	6.8393797566333304e-9
0	0.5773502691896257	-4.226963331353812e-9	0.5773502691896257
 
R	C	B	C	R	C
0.49999999688866226	-2.4041047054195813e-9	-0.5000000036931782	0.2886751272077336	-0.08816079216803871	-0.4228428652378383	-0.01537567926671542	0.6820606319987516	0.2699114802352315
0	5.643342475819665e-9	0.5773502691896258	-6.698684326213887e-9
0	0.5773502691896258	-4.360563586242529e-9	-0.5773502691896257
 
R	C	B	C	B	C
0.4999999962867605	-2.3704482493546003e-9	-0.5000000037396679	0.28867513028535824	-0.0881607824077555	-0.4228428759030648	-0.5153756632408315	0.3179393463727909	0.23008850358276892
0	6.735071466055727e-9	0.5773502691896258	-6.783007137394393e-9
0	0.5773502691896257	-4.299517527629489e-9	-0.5773502691896257
 
 
Target State
0	1	4
 
R	B	C	R	C	R	C
-1.6155411905936774e-9	-0.5000000030976652	-3.38670994421057e-9	-0.2500000039757351	-0.2886751417178757	0.18963716498175662	0.2590831260723543	0.2799818384320976	-0.4607390858519147	-0.5146394105544834
0.5773502691896258	-5.618543237323485e-9	0	0	0.5773502691896257
-2.9302675843930036e-9	-0.5773502691896258	0	0	-6.142812343654836e-9
 
 
Target State
0	2	4
 
R	B	R	B
-2.664214745712522e-10	-2.4213601304063533e-9	-1.9396715260014728e-9	-0.2500000006270644	-0.3654690698736818	0.15923342502689777	0.5755041502563224
0.5773502691896258	0	0.5773502691896258	0	0.5773502691896258
-4.8323510119568e-10	0	-4.391861465113127e-9	0	-3.5181749806846863e-9
 
 
Target State
1	2	4
 
R	B	C	R	C	R	C
-0.500000003712731	-2.3699372987823187e-9	-2.381121436116935e-9	-0.2500000002812879	0.21188119507252207	0.1532404297057597	-0.27780249658052936	-0.4446911227812463	-0.5070980109431906	0.27815543352753747
0	-6.734149142446322e-9	0.5773502691896258	0	0.5773502691896258
0	-0.5773502691896257	-4.29859076580633e-9	0	-4.318876546993365e-9
 
R	B	C	R	C	B	C
0.4999999986123536	-2.32950367430602e-9	-1.661198787331577e-9	0.2499999967617525	-0.2118811988242804	0.1532404288633999	-0.42930428878318017	0.2099954444239953	0.4199423403363726	0.05210782437584366
0	2.516912180802249e-9	0.5773502691896258	0	0.5773502691896258
0	0.5773502691896258	-4.225252283437534e-9	0	-3.013081304328668e-9
 
R	B	C	B	C	R	C
0.4999999979639888	-3.311523669474431e-9	-2.434274989339072e-9	0.24999999540310028	-0.21188119770571293	-0.34675957545607894	-0.2778024955405223	0.05530887085925364	0.5070979926701772	0.2781554367128931
0	3.692915908151658e-9	0.5773502691896258	0	0.5773502691896258
0	0.5773502691896258	-6.006439526339288e-9	0	-4.415286428034467e-9
 
R	B	C	B	C	B	C
-0.5000000037219755	-2.3714977561858734e-9	-1.0000000074574888	0.24999999318985364	0.7892314582442034	0.5721428573298635	-0.2093728000673333	0.6786726706849386	-0.47402279093753175	-0.09220657672077998
0	-6.750916736084024e-9	0.5773502691896258	0	-0.5773502691896257
0	-0.5773502691896257	-4.301421122452812e-9	0	1.3526388423698043e-8
 
 
Target State
0	3	4
 
R	C	R	C	R	C	R	C
-2.4640661096653488e-9	-0.5000000036925232	-3.0698486633616644e-9	0.25000000697497765	0.565551241249364	0.2531508296923869	-0.3797765329715875	0.4182808034481936	-0.328614335797589	-0.6941206384144778	-0.5924724650526538
0.5773502691896258	0	0	-6.697496191668727e-9	0.5773502691896258
-4.469321543142092e-9	0	0	-0.5773502691896257	-5.568089553900651e-9
 
R	C	R	C	B	C	B	C
-6.897328720473296e-9	-0.5000000059449078	-2.607902121862491e-9	0.2500000012773386	-0.4344487354270734	0.25315082106510817	0.12022347389336856	0.288825982344828	0.4188882727898382	0.3095266986277394	-0.18061237495643243
0.5773502691896257	0	0	-1.0782869903724435e-8	0.5773502691896258
-1.2510370448108876e-8	0	0	-0.5773502691896257	-4.730211210619255e-9
 
R	C	B	C	R	C	R	C
-2.3651510810570745e-9	-0.5000000037378604	-2.408622032641832e-9	0.2499999974285409	0.06555127800559275	0.32419945516971277	-0.03788683624558041	0.5180898850189628	-0.5426313246739203	0.6348553074083028	-0.3563805421391255
0.5773502691896258	0	0	-6.779728742409134e-9	0.5773502691896258
-4.2899095271391945e-9	0	0	-0.5773502691896257	-4.368757111486285e-9
 
R	C	B	C	B	C	B	C
-2.3718406608414164e-9	-0.5000000037268774	-1.0000000074466389	-0.25000000260963334	0.06555128031597976	0.25315080393287775	-0.37977650175285727	0.19310140321813488	0.5417480701124	-0.4032183200390532	-0.14094468696422288
0.5773502691896258	0	0	-6.759807746360787e-9	-0.5773502691896257
-4.302043082699028e-9	0	0	-0.5773502691896257	1.3506708823565593e-8
 
 
Target State
1	3	4
 
R	C	R	C	R	C	R	C
0.4999999957906181	-0.5000000039293357	-1.000000007265273	0.24999998782162863	-0.5655513177236308	-0.32419948558147926	0.3424719139063922	0.2377581553828504	-0.5402208021749602	-0.5933216219573243	-0.3094142863023503
0	7.634974287931498e-9	0	-7.127026700358562e-9	-0.5773502691896257
0	0.5773502691896257	0	-0.5773502691896257	1.3177747596805956e-8
 
R	C	R	C	R	C	B	C
0.4999999957136365	-0.5000000049409363	-1.0000000075134148	0.24999999055487018	-0.5655513137571191	-0.3241994827453595	0.3424719327472358	0.23775816998911958	-0.04022078380802846	-0.40667840123879745	-0.19058573968014364
0	7.774603428935082e-9	0	-8.961867057688352e-9	-0.5773502691896256
0	0.5773502691896257	0	-0.5773502691896257	1.3627827012959999e-8
 
R	C	R	C	B	C	B	C
0.4999999958407469	-0.5000000039454466	-1.0000000075261801	0.24999998646849741	-0.5655513245062503	0.25315077355826604	-0.24945746819287948	0.4134010631591837	0.45310180526195615	0.6352268873216023	-0.929802110041902
0	7.544050715033712e-9	0	-7.1562485541308965e-9	-0.5773502691896256
0	0.5773502691896257	0	-0.5773502691896257	1.3650980765679181e-8
 
R	C	B	C	R	C	R	C
0.4999999962889274	-0.5000000036159203	-2.4489987579607884e-9	0.2499999998555003	0.06555126664103118	-0.25315082131139516	0.24945745787134785	0.29370568240613815	-0.3959361538201868	-0.3924943552773044	-0.556665242911877
0	6.731141186719784e-9	0	-6.558553932936719e-9	0.5773502691896258
0	0.5773502691896257	0	-0.5773502691896257	-4.441992390199667e-9
 
R	C	B	C	R	C	B	C
0.4999999964204953	-0.5000000048720832	-1.0000000079327431	0.7499999906689068	-0.16972370168290707	0.3510967742401078	-0.1445813834369225	0.32654132238061784	-0.14003354660914394	0.4080663593374232	0.1290485984135789
0	6.4925034403022705e-9	0	-8.836981399798782e-9	-0.5773502691896256
0	0.5773502691896257	0	-0.5773502691896257	1.4388404137344097e-8
 
R	C	B	C	B	C	R	C
0.4999999967783782	-0.5000000038365922	-1.0000000072208703	0.7499999858864881	-0.16972371040091838	0.351096774786562	0.3554186274693085	0.3805654435914064	-0.012762875306019057	0.3449862796978242	-0.6416779017553432
0	5.843375592530416e-9	0	-6.958808360306463e-9	-0.5773502691896257
0	0.5773502691896258	0	-0.5773502691896257	1.3097209817179816e-8
 
R	C	B	C	B	C	B	C
0.49999999628230485	-0.5000000037218397	-2.355861225555711e-9	0.25000001427436425	0.06555122144891523	0.32419942089443504	0.657527988052414	0.4693485761402498	-0.652801824408506	-0.6194724783945524	0.10043216559340744
0	6.743153165436548e-9	0	-6.750670468662655e-9	0.5773502691896258
0	0.5773502691896257	0	-0.5773502691896257	-4.273059593136994e-9
 
 
Target State
2	3	4
 
R	C	R	C	R	C	R	C
-2.1019916763912307e-9	0.4999999963310338	-2.4003639823609775e-9	0.24999999410291115	-0.5655512930579827	0.1865213510470539	0.3281629593376737	0.2260797385961267	0.4594914614170955	0.42643220074171595	-0.46360147211909003
0	0	0.5773502691896258	6.65476854427235e-9	0.5773502691896258
0	0	-3.812591166264033e-9	0.5773502691896257	-4.353778665137056e-9
 
R	C	R	C	R	C	B	C
-2.3686782247956806e-9	-0.5000000037225136	-2.3762784969919204e-9	0.24999998916031027	-0.43444870080705733	0.7638716093838909	0.7018998333264982	0.2749311014518045	-0.09623616030855296	0.4170371046682297	0.03309927610187035
0	0	0.5773502691896258	-6.75189270374612e-9	0.5773502691896258
0	0	-4.2963070582098415e-9	-0.5773502691896257	-4.310092427087388e-9
 
R	C	R	C	B	C	R	C
-2.419787703822806e-9	-0.5000000036787229	-1.0000000072186075	-0.2500000111070383	-0.43444875709245506	-0.33016948314401445	-0.022296516752060694	0.4568598038511512	0.051475928580877454	0.35523118532787173	0.27638542096295804
0	0	0.5773502691896258	-6.6724651145775846e-9	-0.5773502691896257
0	0	-4.389009398775584e-9	-0.5773502691896257	1.3093105445621998e-8
 
R	C	R	C	B	C	B	C
-3.774007130143564e-9	-0.500000004788983	-1.0000000076471258	-0.2500000068561894	-0.43444874952044804	-0.3301694827052111	-0.022296530532221102	0.45685980980020446	-0.4485240680546446	0.644768800328183	0.2236145718383533
0	0	0.5773502691896257	-8.68625432834203e-9	-0.5773502691896256
0	0	-6.845291733269802e-9	-0.5773502691896257	1.3870351836151769e-8
 
R	C	B	C	R	C	R	C
-3.9704234194212705e-9	0.4999999954967517	-3.915183536278474e-9	-0.2499999956015867	0.06555130140483566	0.18652134242184004	0.17183704733936053	-0.22607974595053612	0.5405085229934672	-0.42643221009121	-0.5363985386639376
0	0	0.5773502691896257	8.167988905391552e-9	0.5773502691896257
0	0	-7.201551473886951e-9	0.5773502691896257	-7.101357408962173e-9
 
R	C	B	C	R	C	B	C
-2.3749166309797834e-9	-0.5000000037091755	-2.376584715687709e-9	0.2500000005792189	0.06555126918117371	-0.18652136472053482	0.17183704030465577	0.2260797255484754	0.04050855271982855	-0.4264322003257064	-0.0363985291571142
0	0	0.5773502691896258	-6.727700166583753e-9	0.5773502691896258
0	0	-4.3076222753804025e-9	-0.5773502691896257	-4.310647846363126e-9
 
R	C	B	C	B	C	R	C
-2.3705320081135862e-9	-0.5000000037125872	-2.3807434749932164e-9	0.24999999655769964	0.0655512781084345	-0.18652136243544365	-0.3281629679887316	-0.2260797357091769	0.040508547846142696	-0.5735678071741686	-0.46360148047523136
0	0	0.5773502691896258	-6.733888388706048e-9	0.5773502691896258
0	0	-4.299669449213287e-9	-0.5773502691896257	-4.318191001347459e-9
 
R	C	B	C	B	C	B	C
-2.373433679428801e-9	0.4999999962832314	-2.3745907208965576e-9	0.24999999521997712	-0.06555128812907855	-0.18652135818145618	0.3281629597616566	-0.2260797403352761	-0.540508547336874	-0.42643220452723757	0.036398527767280184
0	0	0.5773502691896258	6.741472624246161e-9	0.5773502691896258
0	0	-4.304932498800041e-9	0.5773502691896257	-4.307031139878649e-9
 
 
Target State
0	1	5
 
R	B	R	C	R	C	B	C
-2.5411218678907803e-9	-0.5000000030506975	-0.500000005256649	-0.22360679945384218	0.24999999833005973	-0.3989085900438176	-0.334647020861174	0.29511546980758513	-0.10769920996873202	-0.34850299212575725	0.0340182657475824
0.5773502691896258	-5.533353041773907e-9	0	0	0	-9.534506628856563e-9
-4.609085228421966e-9	-0.5773502691896258	0	0	0	-0.5773502691896257
 
 
Target State
0	2	5
 
R	B	C	R	C	R	C	R	C
-2.0239904846500196e-9	-2.272500830688002e-9	0.499999996374392	-0.22360680410440478	0.25000000010635165	0.15606232035629924	0.27997751678646365	-0.5177808887810513	-0.26980938586725656	0.2903005621312597	-0.5279779687678537	-0.3523027261594791
0.5773502691896258	0	0.5773502691896258	0	0	6.576125523879858e-9
-3.6711126542743125e-9	0	-4.1218605619236305e-9	0	0	0.5773502691896257
 
R	B	C	R	C	R	C	B	C
1.5737595125565428e-9	-1.5051603622252161e-10	0.4999999942312239	-0.22360680582339054	-0.25000000419760127	0.15606232698078018	-0.27997752474432	-0.7381793797796344	-0.3622496358372755	-0.028244602201339897	0.45151118827385156	0.13706742791584856
0.5773502691896258	0	0.5773502691896258	0	0	1.0463402542650003e-8
2.85448400333261e-9	0	-2.730058908074642e-10	0	0	0.5773502691896257
 
R	B	C	R	C	B	C	R	C
-2.2206148480922863e-9	-2.377498374115842e-9	0.4999999962783518	-0.22360680076236003	0.2499999950533994	0.15606234566587315	-0.29737275481834	-0.03431738381223586	0.25588324812210095	0.1864694189861015	0.376078557206797	-0.3912078329503825
0.5773502691896258	0	0.5773502691896258	0	0	6.75032325230651e-9
-4.027749799678853e-9	0	-4.312305039439201e-9	0	0	0.5773502691896257
 
R	B	C	R	C	B	C	B	C
-2.8028570166833647e-9	-8.645829973285191e-10	0.49999999521754956	-0.2236067973308894	0.24999999769485762	0.15606234839863065	-0.2973727577877858	-0.03431739606553201	0.25588324461677747	0.686469409520247	0.6239214225306717	-0.10879217898102228
0.5773502691896258	0	0.5773502691896258	0	0	8.6744056157636e-9
-5.083820274899703e-9	0	-1.5681800908821826e-9	0	0	0.5773502691896257
 
R	B	C	B	C	R	C	R	C
-2.8342163932745016e-9	-2.5057133861079937e-9	0.49999999617853014	0.22360678960821379	-0.2500000008897218	0.343937619747359	0.2799775128859048	0.01778086399855116	0.26980935433361736	0.7096993876263249	0.52797789050817	-0.6476973124719335
0.5773502691896258	0	0.5773502691896258	0	0	6.931379675845442e-9
-5.140699892223489e-9	0	-4.544861346675848e-9	0	0	0.5773502691896257
 
R	B	C	B	C	R	C	B	C
-2.0207432182334293e-9	-2.389565130832829e-9	-0.5000000051714184	0.22360679876428313	-0.2500000061656074	0.6560623339807766	0.279977518206467	-0.01778089205724503	0.2698093731566011	-0.20969942517726112	0.4720220396792538	-0.14769728808646188
0.5773502691896258	0	0.5773502691896258	0	0	-9.379915427980277e-9
-3.6652227645124015e-9	0	-4.334191715100841e-9	0	0	-0.5773502691896257
 
R	B	C	B	C	B	C	R	C
-2.8215537879866053e-9	-2.6708043707114723e-9	-0.5000000040626743	0.22360679550688817	-0.25000000538446504	0.6560623342403138	-0.2973727525653276	-0.5343174113710124	-0.25588325976999987	0.18646942940258815	0.6239214063492333	0.3912078265030293
0.5773502691896258	0	0.5773502691896258	0	0	-7.368876050857361e-9
-5.117732466802754e-9	0	-4.844303269590439e-9	0	0	-0.5773502691896257
 
R	B	C	B	C	B	C	B	C
1.466180296438479e-9	-2.8152922084216147e-9	-0.5000000022860663	0.22360679366962524	-0.2500000017693012	-0.34393765202609095	-0.29737275385884104	-0.5343173941050389	-0.2558832538730977	0.686469419039628	0.376078572846386	0.10879216443950517
0.5773502691896258	0	0.5773502691896258	0	0	-4.146465560262045e-9
2.6593568895328504e-9	0	-5.1063752177686725e-9	0	0	-0.5773502691896258
 
 
Target State
1	2	5
 
R	B	C	R	C	R	C	R	C
-0.5000000038877722	-8.304296352043429e-10	-0.5000000059300903	-0.2236067962649419	0.749999999735527	-0.1320978662430643	-0.3319504467118218	-0.7002495067167757	-0.31474743858642296	0.6558070443298428	0.6233669071838492	-0.4745407006766482
0	-7.0516387430040686e-9	0.5773502691896258	0	0	-1.0755994064429489e-8
0	-0.5773502691896257	-1.5062327443748907e-9	0	0	-0.5773502691896257
 
R	B	C	R	C	B	C	R	C
-0.5000000047654856	-2.5771041493865606e-9	-0.5000000051766479	-0.22360679796957575	0.7499999947012491	-0.13209785343660516	-0.33195044591493894	-0.2002494995806298	-0.392359352521166	0.06848103650052881	-0.6010838354164719	-0.34086032562378304
0	-8.6436345525461e-9	0.5773502691896258	0	0	-9.389400633727134e-9
0	-0.5773502691896257	-4.674349867722709e-9	0	0	-0.5773502691896257
 
R	B	C	R	C	B	C	B	C
-0.5000000039401947	-3.029035896806371e-9	-0.5000000036617477	0.2236067955582744	0.24999999255958721	0.1560623387129365	0.37164666145246167	-0.16413250841888086	-0.27985275048162644	-0.3588596453659734	-0.5088451235628151	0.06714311851671903
0	-7.146722709772602e-9	0.5773502691896258	0	0	-6.64167566162331e-9
0	-0.5773502691896257	-5.49406338387002e-9	0	0	-0.5773502691896257
 
R	B	C	B	C	R	C	R	C
0.4999999962913516	-2.2669455453254073e-9	0.49999999617155505	0.22360679252413757	-0.7500000146280176	0.36790213279848527	-0.3319504529796225	-0.20024950283397766	-0.39235935420631707	-0.43151895857860867	0.6010838195244249	-0.34086034816116084
0	6.726744140241099e-9	0.5773502691896258	0	0	6.944031103754184e-9
0	0.5773502691896257	-4.111784388864816e-9	0	0	0.5773502691896257
 
R	B	C	B	C	R	C	B	C
-0.5000000037927069	-2.347644926054968e-9	-0.5000000036801583	0.22360679367269917	-0.25000000349873114	0.6560623439170976	-0.3852111001808064	0.14551890859827757	0.3687919615668304	0.17377221694316655	-0.5359561665009072	0.03193963545665471
0	-6.879209371063815e-9	0.5773502691896258	0	0	-6.675068806054948e-9
0	-0.5773502691896257	-4.2581568743261885e-9	0	0	-0.5773502691896257
 
R	B	C	B	C	B	C	R	C
-0.5000000037501925	-1.7203848394834142e-9	-0.5000000037373706	0.22360679781188839	-0.2500000061021861	0.6560623341852928	-0.3852111027230367	-0.3544810947187205	0.3383148058598547	0.10494412625590217	-0.5959000788758885	0.384734253453281
0	-6.80209677257466e-9	0.5773502691896258	0	0	-6.778840333648025e-9
0	-0.5773502691896257	-3.120432928093204e-9	0	0	-0.5773502691896257
 
R	B	C	B	C	B	C	B	C
-0.5000000045689491	1.7341860295585943e-10	-0.5000000050817422	0.22360679672441397	0.2499999952768352	0.6560623268518341	-0.37164667206181323	0.3358674913593248	-0.27985274744093724	0.6411403496711813	-0.5088451250221301	0.06714310537454975
0	-8.287156883521924e-9	0.5773502691896258	0	0	-9.21726085996745e-9
0	-0.5773502691896257	3.1454655178772414e-10	0	0	-0.5773502691896257
 
 
Target State
0	3	5
 
R	B	R	C	R	C	R	C
-2.7521095609601933e-9	-0.5000000040040246	-0.5000000038786772	-0.22360679722800386	0.19688329090159645	-0.1937098060251024	-0.3896780749095545	-0.2818250838240949	0.32468509208673385	-0.3886711557978437	-0.44114523388773397
0.5773502691896258	0	0	-7.26249711405906e-9	0	-7.035142030710121e-9
-4.991774571972511e-9	0	0	-0.5773502691896257	0	-0.5773502691896257
 
R	B	R	C	R	C	B	C
1.0218420277782266e-9	0.4999999992731857	-0.5000000028915579	0.22360679047570226	0.1968832854672874	0.19370980196801518	0.3896780728670123	-0.2441488876836252	-0.11370518170737313	-0.35887718148786607	-0.016503515734876267
0.5773502691896258	0	0	1.3182953096435558e-9	0	-5.244705702154203e-9
1.8534164203319517e-9	0	0	0.5773502691896258	0	-0.5773502691896258
 
R	B	R	C	B	C	B	C
-2.5500074388502807e-9	0.49999999647528964	0.49999999599968614	0.2236067803505142	-0.19688326479202817	0.19370979038824535	0.11032188182017368	0.4252817224133109	0.3922195012431602	-0.5855543414429859	-0.16711106536576736
0.5773502691896258	0	0	6.3931174214117595e-9	0	7.255766815361734e-9
-4.625201871379166e-9	0	0	0.5773502691896257	0	0.5773502691896257
 
 
Target State
1	3	5
 
C	B	R	B	R	B
0.49999999618320184	-0.5000000036507176	0.4999999964679071	0.499999996253431	0.22360679063462818	0.19688328406660666	0.28594171336847285	0.30179682728977	0.215985412282017
0	6.922906076669137e-9	0	-6.6216691578341756e-9	0	6.406507907979635e-9
0	0.5773502691896257	0	-0.5773502691896257	0	0.5773502691896257
 
R	C	R	B	R	B
-0.5000000016796168	0.49999999963147745	-0.5000000084893894	-0.6708203998845029	-0.5000000033298385	0.6357368984357478	-0.36919956961656236	-0.22728739210445273	0.49316927838918556
0	-3.046487829286471e-9	0	6.684259674598324e-10	0	-1.5398049064911648e-8
0	-0.5773502691896258	0	0.5773502691896258	0	-0.5773502691896256
 
R	B	C	B	R	B
0.49999999971362025	0.4999999946009502	0.4999999969885639	0.22360679495064087	-0.19688329871183297	-0.5000000046218381	-0.2859417307147821	0.30179684384104166	-0.21598540999604376
0	5.194354595063961e-10	0	9.792793150511047e-9	0	5.462140932696667e-9
0	0.5773502691896258	0	0.5773502691896257	0	0.5773502691896258
 
R	B	R	C	R	B
0.4999999932874315	0.4999999965394646	0.49999999710747545	0.2236067938055086	-0.1968832900811659	-0.8687588265400373	0.49999999633977266	-0.2014099900255235	-0.2865142097056283
0	1.2175252514113924e-8	0	6.276717028672127e-9	0	5.246459258434175e-9
0	0.5773502691896257	0	0.5773502691896257	0	0.5773502691896258
 
R	B	R	B	C	B
-0.5000000034958666	0.49999999658374966	-0.5000000040614643	-0.6708204001103751	-0.6357369113360279	-0.2081507060189621	-0.3927196446405626	-0.5000000037356014	0.3292353430286386
0	-6.340800458675917e-9	0	6.196392697904174e-9	0	-7.366681309444636e-9
0	-0.5773502691896257	0	0.5773502691896257	0	-0.5773502691896257
 
R	B	R	B	R	C
-0.5000000040905636	0.499999996619349	0.49999999643689896	-0.22360679967331934	-0.303116704942712	-0.20256300627155926	0.26571994837867136	-0.265441181387094	-0.5000000037725828
0	-7.419461507285368e-9	0	6.1318226876357125e-9	0	6.4627504642359566e-9
0	-0.5773502691896257	0	0.5773502691896257	0	0.5773502691896257
 
 
Target State
2	3	5
 
R	B	C	R	C	R	C	R	C
-4.019069895500132e-9	0.49999999516899096	0.4999999961629199	-0.22360679654714563	0.1968832885157456	0.1353075452403272	-0.22212823493501818	0.6214643103997016	-0.34583860628656216	-0.5175663119689087	-0.5056438995473701	0.2820587551617211
0	0	0.5773502691896257	8.76248115272534e-9	0	6.959693506637266e-9
0	0	-7.289786421271024e-9	0.5773502691896257	0	0.5773502691896257
 
R	B	C	R	C	R	C	B	C
-2.564497094602425e-9	0.49999999628451497	0.499999996853728	-0.22360679568336833	0.19688328670290992	0.13530753969346568	-0.2221282327480672	0.6214643033816852	-0.3458386009412871	-0.01756631848582421	0.5056438822160471	-0.21794124510075552
0	0	0.5773502691896258	6.739144429223e-9	0	5.706706275693714e-9
0	0	-4.651483199770378e-9	0.5773502691896257	0	0.5773502691896258
 
R	B	C	R	C	B	C	R	C
-3.390179876002414e-9	0.49999999808774553	-0.5000000037820548	0.22360678833756165	0.19688328072650338	0.13530754895537989	-0.3831050661194302	-0.19089802459190378	-0.32544052338802115	-0.007060994421163368	0.5923124732104177	0.5611683893418266
0	0	0.5773502691896257	3.468446038017369e-9	0	-6.859888467571133e-9
0	0	-6.149106103732819e-9	0.5773502691896258	0	-0.5773502691896257
 
R	B	C	R	C	B	C	B	C
-2.377219115598416e-9	-0.500000003682318	-0.5000000038823863	-0.22360680142296482	0.19688329993788667	-0.13530754987717014	-0.22212824196984213	-0.12146433225362108	-0.3612681737389802	0.3243773522254194	0.561166469647127	0.12399151427654942
0	0	0.5773502691896258	-6.678986009244623e-9	0	-7.041869836162215e-9
0	0	-4.3117985205178365e-9	-0.5773502691896257	0	-0.5773502691896257
 
R	B	C	B	C	R	C	R	C
-2.418850552322008e-9	0.4999999961793225	0.49999999631481695	-0.22360679866138042	0.19688328701850272	0.6353075315011936	0.22212822434137572	0.12146430144526295	0.36126818394708576	-0.3243773560065637	-0.5611664938385965	-0.6239915253411985
0	0	0.5773502691896258	6.929942453533639e-9	0	6.684182694313323e-9
0	0	-4.387309593979245e-9	0.5773502691896257	0	0.5773502691896257
 
R	B	C	B	C	R	C	B	C
-3.731198215681857e-9	0.499999995945771	0.49999999624740943	0.22360679557327845	-0.1968833015415609	-0.6353075582494915	-0.22212824358274783	-0.12146432725115182	-0.3612681773015899	-0.1756226453294594	0.43883352321627683	-0.12399152276923105
0	0	0.5773502691896257	7.3535580571976705e-9	0	6.806446456678764e-9
0	0	-6.767644951435601e-9	0.5773502691896257	0	0.5773502691896257
 
 
Target State
0	4	5
 
R	C	R	C	R	C	R	C	B	C
-2.534870126004432e-9	-2.447142270859821e-9	-0.5000000036247233	-0.2236068045883098	-0.4479248497310881	-0.22498348746463437	0.5991897881210352	0.3354706241800652	-0.3567926050155437	0.38694401757066493	0.0229565326739385	0.3406294227309792	0.19095935420768778
0.5773502691896258	0	0	0	0.5773502691896258	-6.574520676714299e-9
-4.597745822963151e-9	0	0	0	-4.438625095076224e-9	-0.5773502691896257
 
R	C	R	C	R	C	B	C	B	C
-2.326612661088671e-9	-3.3972487273091885e-9	0.49999999738657386	0.2236067861526463	0.552075216372937	-0.7750165595499307	0.3652310729410351	0.34434338167789036	-0.1392970026962264	0.22730747165210058	-0.5021610165279532	-0.5514097435398423	0.14398975107333586
0.5773502691896258	0	0	0	0.5773502691896257	4.740230742010369e-9
-4.220008565501913e-9	0	0	0	-6.161927581738912e-9	0.5773502691896258
 
R	C	R	C	B	C	R	C	B	C
-2.4051846165112107e-9	-2.1925464793050337e-9	0.4999999964843514	-0.22360679892709318	0.44792481835441245	-0.2249834662436732	-0.09918984443122511	0.24187961247776052	-0.22493246855405533	0.3533830911317298	0.13246349519190984	-0.3777161498870051	0.023431180655783052
0.5773502691896258	0	0	0	0.5773502691896258	6.376681218343677e-9
-4.362522328293955e-9	0	0	0	-3.976839410217443e-9	0.5773502691896257
 
R	C	R	C	B	C	B	C	R	C
-2.3626450031346613e-9	-2.3369229089937027e-9	0.4999999962061628	0.22360679527875835	0.5520751736903738	-0.275016528748126	-0.02237632121295615	0.27651609895881524	-0.38756026189234277	-0.2652672702163391	0.07833652593004868	0.35291067896258843	-0.2903441833977742
0.5773502691896258	0	0	0	0.5773502691896258	6.881259576387541e-9
-4.285364004596801e-9	0	0	0	-4.238709286597158e-9	0.5773502691896257
 
R	C	R	C	B	C	B	C	B	C
-3.4087926590335197e-9	-3.4994534786190916e-9	0.4999999953152275	0.2236068132688706	0.5520750885168859	-0.27501647195175066	-0.02237644125850974	0.27651602566244	-0.38756041369079236	-0.2652674516491901	0.5783363884151443	0.6470892604007679	-0.2096560807395369
0.5773502691896257	0	0	0	0.5773502691896257	8.497237422776535e-9
-6.182865957761268e-9	0	0	0	-6.347306494686531e-9	0.5773502691896257
 
R	C	B	C	R	C	R	C	B	C
-2.019692186549257e-9	-2.7395383226337995e-9	0.49999999600204836	0.22360679665460909	0.052075167136243924	-0.22498347985369255	0.09918980635215087	-0.33547063560772705	0.6432073933234427	-0.38694400091007436	0.02295649956781083	0.6593705550877063	-0.19095936469403438
0.5773502691896258	0	0	0	0.5773502691896258	7.2514821981014465e-9
-3.6633164039118598e-9	0	0	0	-4.968972867888462e-9	0.5773502691896257
 
R	C	B	C	R	C	B	C	R	C
-2.2792975141141007e-9	-2.677403958089229e-9	0.4999999961009631	0.2236067937839893	0.05207518085437684	-0.22498346848670467	0.09918982696865798	-0.3354706448569821	0.14320739090748147	0.3869439780244517	0.022956483867693077	0.3406294395079114	-0.30904064144824384
0.5773502691896258	0	0	0	0.5773502691896258	7.072070805041959e-9
-4.1341883820007894e-9	0	0	0	-4.856273596980422e-9	0.5773502691896257
 
R	C	B	C	R	C	B	C	B	C
-2.384843012174803e-9	-2.3138064013504013e-9	-0.5000000036194149	0.22360679418625634	-0.05207517846038756	0.2750165290912766	0.022376300119033358	-0.27651611810061505	-0.11243976430777743	-0.26526724936247925	0.42166347507936053	-0.35291069918565665	-0.209655792538131
0.5773502691896258	0	0	0	0.5773502691896258	-6.564892274346064e-9
-4.3256267392810754e-9	0	0	0	-4.196780579730422e-9	-0.5773502691896257
 
R	C	B	C	B	C	R	C	R	C
-1.6061337476407763e-9	-3.278955081021031e-9	-0.5000000040190266	0.22360680122974763	-0.05207514660938106	-0.22498349129125078	-0.599189789206923	0.3354706266528759	-0.1432074140420529	-0.3869440391251524	0.4770434517630124	0.34062941020158416	0.30904065585789786
0.5773502691896258	0	0	0	0.5773502691896258	-7.2897076770589495e-9
-2.913204370345962e-9	0	0	0	-5.9473666413085044e-9	-0.5773502691896257
 
R	C	B	C	B	C	R	C	B	C
-2.313362825679912e-9	-2.2453099921175445e-9	0.49999999627828934	0.22360680419837975	0.05207513021851056	-0.22498350201508732	0.5991897665167014	0.33547062048584747	0.14320741712453453	0.3201627246282469	0.19346481755763534	-0.5396185405110427	0.15306114988030792
0.5773502691896258	0	0	0	0.5773502691896258	6.750436450709982e-9
-4.195976022461298e-9	0	0	0	-4.072541836211539e-9	0.5773502691896257
 
R	C	B	C	B	C	B	C	R	C
-2.4849767103590434e-9	-2.133526117015583e-9	0.49999999599863504	0.2236067950782456	0.05207517126565031	-0.22498347834080742	0.5991897971735859	0.33547062502415737	-0.3567926142160032	0.3869439977272342	0.022956512244964502	0.3406294305876297	-0.309040638041053
0.5773502691896258	0	0	0	0.5773502691896258	7.257673240569015e-9
-4.507249177386072e-9	0	0	0	-3.8697883146199645e-9	0.5773502691896257
 
R	C	B	C	B	C	B	C	B	C
-2.3714068819469775e-9	-2.358929342494626e-9	0.4999999962545294	0.22360679077779672	0.052075191311327367	-0.2249834648424158	-0.40081017130743224	0.33547063871827104	-0.35679261546997487	-0.32016281135815267	0.6934647665493088	0.4603814394395566	-0.15306120537121948
0.5773502691896258	0	0	0	0.5773502691896258	6.793532223869549e-9
-4.301256294816077e-9	0	0	0	-4.278624541690194e-9	0.5773502691896257
 
 
Target State
1	4	5
 
R	C	R	C	R	C	R	C	R	C
0.49999999631597886	-2.070605695385818e-9	-0.5000000031571656	0.22360676478695451	0.44792469804245083	-0.27501660923573396	-0.4776238646214433	-0.3906640065944132	-0.5791634229923849	-0.2797497911744428	0.6465205350697738	-0.41088490488936935	0.6545107218792017
0	6.682075255406558e-9	0	0	0.5773502691896258	-5.726465031183828e-9
0	0.5773502691896257	0	0	-3.755663293870547e-9	-0.5773502691896258
 
R	C	R	C	R	C	R	C	B	C
-0.5000000043840683	-2.761381109605661e-9	-0.5000000037155399	0.22360677136579324	0.44792470987803956	0.2249833918477758	0.4008100425000927	0.3420726350399963	0.4429456967926965	-0.33073717585843676	0.04604327748333002	-0.6707687457942453	-0.2150728036881645
0	-7.951820394469364e-9	0	0	0.5773502691896258	-6.7392438397876265e-9
0	-0.5773502691896257	0	0	-5.008591301011128e-9	-0.5773502691896257
 
R	C	R	C	R	C	B	C	R	C
-0.5000000039274193	-2.811395675640002e-9	0.49999999660757516	0.22360679314693244	0.5520751807835614	-0.27501653682519467	-0.52237629323257	0.18668634062607728	0.18447339503023688	-0.31478131062462866	0.12336014719176594	0.36931342028557884	0.5166848544803317
0	-7.123550624809142e-9	0	0	0.5773502691896258	6.153178085650589e-9
0	-0.5773502691896257	0	0	-5.099307689086665e-9	0.5773502691896257
 
R	C	R	C	R	C	B	C	B	C
-0.5000000027341043	-1.8130527526565192e-9	0.4999999957569886	0.2236067908431955	0.5520751906653272	0.22498345788055354	-0.4008101642115854	0.16249984812545204	0.09086438371022457	-0.3378849074579559	0.45931204125179625	0.3698396186036365	-0.12502383136685546
0	-4.959116642390923e-9	0	0	0.5773502691896258	7.69597143352866e-9
0	-0.5773502691896258	0	0	-3.2885139300914934e-9	0.5773502691896257
 
R	C	R	C	B	C	R	C	R	C
0.49999999655550814	-2.1546761503705933e-9	-0.5000000035234591	0.2236067929573298	-0.5520751898518294	-0.2750165342856866	0.02237630536268778	-0.18668635416384485	-0.18447340587827887	0.3147812985712948	0.3766398394768735	-0.630686583482703	0.5166848515627026
0	6.247617218931622e-9	0	0	0.5773502691896258	-6.3908478701442735e-9
0	0.5773502691896257	0	0	-3.908150231672814e-9	-0.5773502691896257
 
R	C	R	C	B	C	R	C	B	C
0.4999999970828244	-6.67342144128091e-10	-0.5000000054600268	0.22360678809218365	-0.5520752096605753	-0.27501654680453314	0.022376282776310284	-0.1866863434743382	-0.18447340847142105	0.3147813126493664	-0.12336013982988543	-0.36931343902002756	-0.01668485663923524
0	5.2911713458304034e-9	0	0	0.5773502691896258	-9.903393047898456e-9
0	0.5773502691896258	0	0	-1.2104247567462312e-9	-0.5773502691896257
 
R	C	R	C	B	C	B	C	R	C
-0.5000000046646796	-1.766879779384321e-9	0.49999999640137094	0.22360678993287253	0.5520751953506682	0.2249834553959868	0.09918983524258085	0.41485041052582194	0.5086405464154421	-0.2545108073107243	0.13839506384435607	0.519371718016556	-0.4411533756487556
0	-8.460792850449127e-9	0	0	0.5773502691896258	6.527191123214381e-9
0	-0.5773502691896257	0	0	-3.204765420525577e-9	0.5773502691896257
 
R	C	R	C	B	C	B	C	B	C
-0.5000000029501056	-1.8048911461053809e-9	-0.5000000035677717	0.22360678636053724	0.4479247851365484	0.22498344514297575	-0.09918985591297	0.23527755423829205	0.609941254913816	-0.5051992821414466	0.5589318155786869	-0.5784165631117925	-0.12250488730511423
0	-5.350899649942074e-9	0	0	0.5773502691896258	-6.47122206974456e-9
0	-0.5773502691896258	0	0	-3.273710413317909e-9	-0.5773502691896257
 
R	C	B	C	R	C	R	C	R	C
0.4999999953493557	6.952805210553992e-10	-0.5000000011963416	0.22360679844086817	-0.05207516468752931	-0.22498348223796716	-0.0991898098274117	-0.41485042679445605	-0.50864059630301	0.25451077809286754	0.3616049514856684	-0.480628279165594	0.5588466311954057
0	8.4353357155317e-9	0	0	0.5773502691896258	-2.1699236209428e-9
0	0.5773502691896257	0	0	1.2610993670547188e-9	-0.5773502691896258
 
R	C	B	C	R	C	R	C	B	C
0.49999999611115126	3.0699914360059987e-10	-0.5000000016698603	-0.22360680888834922	-0.9479248631202118	-0.27501651371268643	-0.022376341493233427	-0.18668637325016552	-0.3155266132028822	0.39232549626983	0.0191795952381392	-0.38374638181263676	-0.13666192871760166
0	7.053591390020838e-9	0	0	0.5773502691896258	-3.0287913164737327e-9
0	0.5773502691896257	0	0	5.568348514832175e-10	-0.5773502691896258
 
R	C	B	C	R	C	B	C	R	C
0.5000000036570866	-2.7623381871712162e-9	-0.4999999978978137	0.22360679450548115	-0.052075174704566095	-0.22498347340596084	-0.09918982758420353	0.16249984110535926	-0.09086440759184321	0.3692218848192533	0.14282278226408388	-0.570317925572891	0.5943683549873335
0	-6.6332212920738685e-9	0	0	0.5773502691896258	3.812944290492935e-9
0	0.5773502691896257	0	0	-5.010327247691054e-9	-0.5773502691896258
 
R	C	B	C	R	C	B	C	B	C
0.4999999963147928	-2.6777761870955087e-9	-0.500000003148923	0.2236067951710497	-0.052075172237427525	-0.2249834752990417	-0.09918981656605912	0.1624998447947194	-0.09086441281154069	-0.33788488948533063	0.5406879375506051	-0.6301603754532088	-0.12502383804342523
0	6.684226537862572e-9	0	0	0.5773502691896258	-5.711514509087245e-9
0	0.5773502691896257	0	0	-4.856948745715362e-9	-0.5773502691896258
 
R	C	B	C	B	C	R	C	R	C
0.4999999960845309	-1.7449779931530508e-9	-0.5000000036529642	0.2236067881434898	-0.05207520250978623	0.27501653848880436	-0.47762371793381203	-0.1866863392325947	-0.18447341147805907	-0.39232547495475756	-0.5191796245186994	-0.383746429676028	0.6366618638297604
0	7.101875444705781e-9	0	0	0.5773502691896258	-6.625743915766622e-9
0	0.5773502691896257	0	0	-3.1650399745837053e-9	-0.5773502691896257
 
R	C	B	C	B	C	R	C	B	C
0.4999999951248987	-3.2018778306014072e-9	-0.5000000026479287	0.22360679681895065	-0.052075171239036926	-0.22498347666958157	-0.5991898124777187	-0.16249985119728225	-0.09086441706573191	0.3378848802763672	0.04068793689859669	0.36983962483410754	0.12502383580636878
0	8.842455760679394e-9	0	0	0.5773502691896258	-4.802811312575996e-9
0	0.5773502691896257	0	0	-5.80756397350047e-9	-0.5773502691896258
 
R	C	B	C	B	C	B	C	R	C
0.4999999961728107	-2.072803614294258e-9	-0.5000000037436254	0.2236067959379494	-0.05207517741744416	0.2750165248844125	-0.4776236867704164	-0.18668635799150837	-0.6844734033567049	-0.3147812973202427	-0.12336016806823605	-0.6306865911622779	-0.4833151475555707
0	6.941753546748432e-9	0	0	0.5773502691896258	-6.79018542890515e-9
0	0.5773502691896257	0	0	-3.759649877789314e-9	-0.5773502691896257
 
R	C	B	C	B	C	B	C	B	C
0.49999999645135634	-3.894784073143118e-9	-0.5000000029674162	0.22360679362377572	-0.052075178725756774	-0.22498347259703913	-0.5991898197971468	-0.16249984954544885	-0.5908644102096975	0.36922189055655574	0.642822783758715	-0.42968208254708723	-0.09436836605371067
0	6.4365276630693064e-9	0	0	0.5773502691896257	-5.382297528290319e-9
0	0.5773502691896257	0	0	-7.064356875696546e-9	-0.5773502691896258
 
 
Target State
2	4	5
 
R	C	R	C	R	C	R	C	R	C
-2.2247474857661186e-9	-2.413936054509133e-9	-0.5000000043919054	0.22360678628555766	0.4479247924514149	-0.27501654338655873	-0.3294503933729791	-0.20166466955873086	-0.47548520296928604	-0.333396901219627	0.49480974624965984	-0.3946430319302758	0.6914730983641502
0	0	0.5773502691896258	0	0.5773502691896258	-7.966035062844625e-9
0	0	-4.0352455752642606e-9	0	-4.378395680970722e-9	-0.5773502691896257
 
R	C	R	C	R	C	R	C	B	C
-2.529011277755709e-9	-2.0554149025137832e-9	-0.5000000036947113	-0.2236068064117598	-0.4479248538421161	0.27501651387123954	0.32945034619545893	0.20166466370818437	0.47548519274706635	-0.3737098965576668	0.16799237569421827	-0.6344543493396414	-0.0464802182526535
0	0	0.5773502691896258	0	0.5773502691896258	-6.7014649302583976e-9
0	0	-4.587119047734472e-9	0	-3.728110243417037e-9	-0.5773502691896257
 
R	C	R	C	R	C	B	C	R	C
-2.992033983420366e-9	1.6723825575083405e-9	0.4999999960934157	0.2236067949686453	0.5520751731846022	0.2249834683583079	-0.5540510601683465	0.332211029953829	-0.14874638763760809	-0.42931322677025746	-0.055668217857217595	0.6047136069121549	-0.28857981422760587
0	0	0.5773502691896258	0	0.5773502691896258	7.085760120011299e-9
0	0	-5.426949336895035e-9	0	3.0333664195650238e-9	0.5773502691896257
 
R	C	R	C	R	C	B	C	B	C
-1.949309105611199e-9	-2.1085444500717637e-9	0.4999999963597912	0.22360679857903878	0.5520751648634745	0.22498346881146966	-0.5540510488229436	0.33221101862196756	-0.14874637665712034	-0.42931322934865757	0.44433177022790205	0.3952863762471406	-0.21142019760475633
0	0	0.5773502691896258	0	0.5773502691896258	6.6026084377992205e-9
0	0	-3.535655616453565e-9	0	-3.824476582999753e-9	0.5773502691896257
 
R	C	R	C	B	C	R	C	R	C
-2.479115702082627e-9	-2.1819870956954664e-9	-0.5000000039662956	0.22360678526396993	0.4479247860456158	0.22498345298939235	0.05405103871098123	-0.33221102726415147	0.14874637211162062	-0.2777935764346677	-0.28267375647883214	-0.47559532378741104	0.6024719898342766
0	0	0.5773502691896258	0	0.5773502691896258	-7.194064384543704e-9
0	0	-4.496618484300535e-9	0	-3.9576868069397046e-9	-0.5773502691896257
 
R	C	R	C	B	C	R	C	B	C
-2.553869326898797e-9	-2.9875847329682954e-9	-0.5000000057025978	0.22360678471485135	-0.5520752273660263	-0.27501656210250575	0.17054958486968405	-0.37568561482686236	-0.08571746366528635	0.2618625974738383	-0.015187937854930094	-0.4306997905509248	-0.1458241669023141
0	0	0.5773502691896258	0	0.5773502691896258	-1.0343368320715653e-8
0	0	-4.632206561466308e-9	0	-5.41887928925375e-9	-0.5773502691896257
 
R	C	R	C	B	C	B	C	R	C
-1.9826101343671534e-9	-2.6043231820052397e-9	-0.500000003700434	0.2236067858090343	0.4479247888583192	0.22498345185472238	0.0540510354794542	-0.3322110241923663	0.6487463712142114	-0.42931321142290013	0.05566820793918896	-0.3952864360214052	0.711420212582021
0	0	0.5773502691896258	0	0.5773502691896258	-6.711844698246959e-9
0	0	-3.5960570012394602e-9	0	-4.7237197317815396e-9	-0.5773502691896257
 
R	C	R	C	B	C	B	C	B	C
-2.3289763176197056e-9	-2.375055204795779e-9	-0.500000003786598	0.2236067881032086	0.44792479718782063	0.22498345393197106	0.05405103113197687	-0.33221101604869185	0.6487463607552496	-0.4293132131703462	-0.44433178453768774	-0.6047135837292361	-0.21142022566087507
0	0	0.5773502691896258	0	0.5773502691896258	-6.868129003669848e-9
0	0	-4.224295764215173e-9	0	-4.3078736204797535e-9	-0.5773502691896257
 
R	C	B	C	R	C	R	C	R	C
-2.361908615384016e-9	-2.46806387607284e-9	0.4999999963929318	0.22360679753348078	0.05207516004515603	-0.2249834854680481	-0.05405108717249954	0.3322110434838383	-0.648746391393593	0.4293132125268519	0.4443317950194828	0.6047136168613699	-0.28857982757559336
0	0	0.5773502691896258	0	0.5773502691896258	6.5424980343955065e-9
0	0	-4.28402834496285e-9	0	-4.476572689310357e-9	0.5773502691896257
 
R	C	B	C	R	C	R	C	B	C
-2.3341482154051844e-9	-2.3724745964240804e-9	-0.5000000037824022	0.2236067900565598	-0.052075191173604575	-0.2249834662746009	0.05405104328785808	0.3322110155466409	-0.351253647254398	-0.27779357833837837	0.21732625725343852	-0.5244046814979986	-0.10247200809401134
0	0	0.5773502691896258	0	0.5773502691896258	-6.860518558344704e-9
0	0	-4.233676549130357e-9	0	-4.30319291465583e-9	-0.5773502691896257
 
R	C	B	C	R	C	B	C	R	C
-2.603076988453085e-9	-2.2341531487879777e-9	0.49999999634463616	0.22360680031429436	0.052075153524438846	-0.2249834847458464	-0.05405108012894924	0.33221103911327005	-0.1487463945864125	-0.429313227438821	-0.055668216079121736	0.6047136270452773	-0.2885798317154344
0	0	0.5773502691896258	0	0.5773502691896258	6.630096676611024e-9
0	0	-4.721459386708928e-9	0	-4.05230556087351e-9	0.5773502691896257
 
R	C	B	C	R	C	B	C	B	C
-2.6968985489480835e-9	-1.9178392222237898e-9	-0.500000004015891	0.2236067935993707	-0.052075186505571594	-0.224983461499239	0.05405102237814085	0.3322110001649437	0.14874634180740903	-0.42931320914441495	0.5556682134443942	-0.6047135880400609	-0.21142023973824103
0	0	0.5773502691896258	0	0.5773502691896258	-7.284020322617702e-9
0	0	-4.891632873486219e-9	0	-3.4785755619729567e-9	-0.5773502691896257
 
R	C	B	C	B	C	R	C	R	C
-2.8591640323545475e-9	-7.085575044188264e-9	-0.500000001984636	0.2236067885876253	-0.052075194141032274	-0.22498346841042335	-0.44594894151026687	-0.3322110316747499	0.14874636191232743	0.4293131914400107	0.5556681830999679	-0.39528643340738706	-0.2885797835342066
0	0	0.5773502691896258	0	0.5773502691896257	-3.599731501417231e-9
0	0	-5.185949904126021e-9	0	-1.2851811510382512e-8	-0.5773502691896258
 
R	C	B	C	B	C	R	C	B	C
4.2063952886133877e-10	-2.5249323767979397e-9	-0.5000000052496537	0.22360679129145541	-0.05207519018108785	-0.22498346682166823	0.5540510441471346	-0.3322110215971243	0.14874635479366471	0.4293131978880303	0.05566820438334669	-0.6047135851669805	-0.21142022228510624
0	0	0.5773502691896258	0	0.5773502691896258	-9.521818536459267e-9
0	0	7.629557100204772e-10	0	-4.579720739770496e-9	-0.5773502691896257
 
R	C	B	C	B	C	B	C	R	C
-2.193592672511294e-9	-2.4266199993932407e-9	0.4999999963492169	0.22360680001512545	0.05207514564187757	-0.22498349518256847	0.4459488852429135	-0.3322110650770957	-0.6487464182250373	-0.42931322575775027	-0.05566820349429647	-0.39528636284374624	0.2885798561557742
0	0	0.5773502691896258	0	0.5773502691896258	6.621788195830723e-9
0	0	-3.978736994789824e-9	0	-4.401401812137498e-9	0.5773502691896257
 
R	C	B	C	B	C	B	C	B	C
-2.1641123086767993e-9	-3.11018290367093e-9	0.4999999968427779	0.22360680790133283	0.05207511364266944	-0.2249835154565842	-0.5540511555077715	-0.33221108812424516	-0.6487464493970727	-0.4293132405680433	0.4443317854772463	-0.6047136908073719	0.2114200896939303
0	0	0.5773502691896258	0	0.5773502691896258	5.726567531701271e-9
0	0	-3.9252655296094245e-9	0	-5.6412477733304665e-9	0.5773502691896258
 
 
Target State
3	4	5
 
R	C	R	C	R	C	R	C	R	C
-0.5000000040623579	-2.6431961008058395e-9	0.49999999640619036	0.22360679524347427	0.5520751759305578	0.27819378740377876	-0.5289274134553459	0.3560380928181995	0.5195849747314928	-0.29076014472142175	0.33348478221692307	-0.5671814638428905	0.288221911426896
0	0	0	-7.368302110594232e-9	0.5773502691896258	6.518449719434619e-9
0	0	0	-0.5773502691896257	-4.7942274071879955e-9	0.5773502691896257
 
R	C	R	C	R	C	R	C	B	C
0.4999999962912944	-3.0783957445943097e-9	0.4999999965148633	-0.22360680961011245	-0.5520751510156727	0.8232823341465517	0.517601270725849	0.1698889377541716	0.638398276998584	0.27081746263232165	0.059010482456857	0.5455037720484438	-0.030922993474898464
0	0	0	6.726847980226164e-9	0.5773502691896258	6.321338736822095e-9
0	0	0	0.5773502691896257	-5.583592244406481e-9	0.5773502691896257
 
R	C	R	C	R	C	B	C	R	C
0.4999999953676706	-2.6977574098018975e-9	0.49999999558333535	-0.22360679842814363	-0.5520751898233334	-0.17671763714709876	0.3340491512622164	0.3995041821930294	-0.07299249993291726	0.37162506306676985	-0.038200128315428857	0.6008914794417116	0.5156157058074462
0	0	0	8.402116150531885e-9	0.5773502691896258	8.010943619534906e-9
0	0	0	0.5773502691896257	-4.8931906747568324e-9	0.5773502691896257
 
R	C	R	C	R	C	B	C	B	C
-0.5000000059075849	-2.0286418772766495e-9	0.49999999581177734	0.2236067993109557	0.5520751612825477	0.2781937903864004	-0.5289273991210448	0.35603808317098745	0.019584971444297262	-0.41634665728660425	0.560039575185336	0.3542068198447954	-0.22696788315413627
0	0	0	-1.0715173668917963e-8	0.5773502691896258	7.596595670439143e-9
0	0	0	-0.5773502691896257	-3.6795493472632973e-9	0.5773502691896257
 
R	C	R	C	B	C	R	C	R	C
-0.500000005022628	-2.190918585388997e-9	0.49999999580742294	0.22360679322162227	0.5520751899937012	-0.22180622037432068	-0.14618434928255622	0.29761220040332353	0.020869058693801647	-0.442595461894059	0.442876918039665	0.41187674871883523	-0.27571912392975
0	0	0	-9.110039409117489e-9	0.5773502691896258	7.604493662784658e-9
0	0	0	-0.5773502691896257	-3.973886737267495e-9	0.5773502691896257
 
R	C	R	C	B	C	R	C	B	C
-0.5000000035066393	-2.8241305891481357e-9	-0.5000000036077484	0.22360678363409417	0.44792478456931484	0.17671761577330963	-0.1659508494189354	-0.17784610046308333	-0.08013858925307471	0.29274179918941867	0.0081287276022932	-0.44510098914382173	0.031847457373660265
0	0	0	-6.360340195322311e-9	0.5773502691896258	-6.543731736550074e-9
0	0	0	-0.5773502691896257	-5.122406267111296e-9	-0.5773502691896257
 
R	C	R	C	B	C	B	C	R	C
0.4999999958711445	-1.0396386754604858e-9	0.4999999961812971	0.22360679450800194	0.5520751679799518	-0.32328235883532797	0.08817373959170659	-0.27013417103576526	-0.36143627041252907	-0.22554460495938586	0.09805609253374395	0.3893380441083517	0.47604897662425205
0	0	0	7.488915528889723e-9	0.5773502691896258	6.926360999629006e-9
0	0	0	0.5773502691896257	-1.8856959685835333e-9	0.5773502691896257
 
R	C	R	C	B	C	B	C	B	C
-0.5000000033074793	-1.2482002325550708e-9	0.4999999940942364	0.2236067906280809	0.5520751925134306	-0.2218062172907878	-0.14618435167069727	0.2976121992298836	-0.4791309523282967	-0.2645113375946089	0.6606379895470964	0.4789849746758569	-0.1908460967048906
0	0	0	-5.999103706439389e-9	0.5773502691896258	1.0711870346122799e-8
0	0	0	-0.5773502691896258	-2.2639847882453906e-9	0.5773502691896257
 
R	C	B	C	R	C	R	C	R	C
0.49999999465310346	-1.8531616583401132e-9	-0.5000000041979349	-0.22360680447573938	0.052075172089989366	0.2781937780921856	-0.028927394658856645	-0.35603809785373386	0.519584947847932	0.2907601171869308	-0.6665152297515665	-0.4328185474601699	0.71177808234941
0	0	0	9.698197616264854e-9	0.5773502691896258	-7.614211604509062e-9
0	0	0	0.5773502691896257	-3.3612634377205264e-9	-0.5773502691896257
 
R	C	B	C	R	C	R	C	B	C
0.49999999580685317	-3.430865509549361e-9	-0.5000000033734571	-0.22360680476819492	0.05207517530768436	0.27819377685543034	-0.028927400260587835	-0.3560381060640636	0.5195849402598502	0.2907601224790012	-0.16651521494629237	-0.5671814729886909	0.788221906784222
0	0	0	7.60552706293232e-9	0.5773502691896257	-6.118774161325972e-9
0	0	0	0.5773502691896257	-6.2229016799937375e-9	-0.5773502691896257
 
R	C	B	C	R	C	B	C	R	C
-0.5000000038944777	-2.4632831703044062e-9	0.499999996478181	0.2236067965631824	0.05207515643786477	-0.27819380172675406	-0.02892741116093556	0.3560380817763378	0.019584979243870294	-0.41634665046943	0.06003958230804106	0.6457931671316616	-0.2730321206158465
0	0	0	-7.063801097402907e-9	0.5773502691896258	6.3878731175734545e-9
0	0	0	-0.5773502691896257	-4.467901448226981e-9	0.5773502691896257
 
R	C	B	C	R	C	B	C	B	C
0.4999999962226053	-2.3864528742754434e-9	0.49999999624766583	0.22360680858730259	0.05207512120693484	-0.1767176743081874	0.16595079849721328	-0.3995042074375719	0.07299251544572632	0.3354817241260466	0.5001438324948381	0.4009222095273659	-0.045548785097535904
0	0	0	6.851436091689393e-9	0.5773502691896258	6.8059813561036836e-9
0	0	0	0.5773502691896257	-4.328546706135721e-9	0.5773502691896257
 
R	C	B	C	B	C	R	C	R	C
-0.5000000027275862	-1.252086785836079e-10	0.49999999368881254	0.2236067921550385	0.052075170599193706	-0.27819380599722104	-0.5289274557872906	0.22131216302434376	-0.1328125624449738	-0.400135753491026	0.4700025709197421	0.3998408295124812	-0.2723190016613153
0	0	0	-4.947294011400012e-9	0.5773502691896258	1.1447227814874975e-8
0	0	0	-0.5773502691896258	-2.2710342161155453e-10	0.5773502691896257
 
R	C	B	C	B	C	R	C	B	C
0.49999999632044456	-2.3892229340202994e-9	-0.5000000037443705	-0.22360680390885276	0.05207516417196887	-0.22180621353825106	-0.64618433508364	-0.29761221793464276	0.020869060022828855	0.4425954531649237	-0.0571230900355485	-0.5881232570087798	-0.22428088250081113
0	0	0	6.673975351978974e-9	0.5773502691896258	-6.791536758883629e-9
0	0	0	0.5773502691896257	-4.333571038739832e-9	-0.5773502691896257
 
R	C	B	C	B	C	B	C	R	C
-0.5000000048361314	-4.057722697258571e-9	0.4999999959228934	0.22360679054717367	0.05207518801290918	-0.27819379135053335	-0.5289274389412036	0.22131215698688617	-0.6328125992125121	-0.3069710570736022	0.18239488694249856	0.5041066011431572	-0.3237485876121683
0	0	0	-8.771772068535855e-9	0.5773502691896257	7.395053412612117e-9
0	0	0	-0.5773502691896257	-7.359894848526353e-9	0.5773502691896257
 
R	C	B	C	B	C	B	C	B	C
-0.5000000037215038	-2.645740161509167e-9	0.49999999509343257	-0.2236068047378187	-0.052075162288136356	0.27819378468946254	0.5289273822219683	-0.22131219529133034	0.6328125821014847	0.3069710441048538	-0.6823949133808507	-0.49589339092918416	0.17625142020721773
0	0	0	-6.750061145886096e-9	0.5773502691896258	8.899528908618721e-9
0	0	0	-0.5773502691896257	-4.798841822874264e-9	0.5773502691896257
 
 