Target State
0	1	2	3
 
R	C	R	C	R	C
-1.4128331095385374e-9	0.4999999975794829	-1.4251083979177707e-9	0.49999999634338865	0.2886751306556652	-0.4118392143663721	0.19865792487766912	0.5412442700176583	0.27523226787743493	-0.3506642854711353
0.5	3.802139411731125e-9	0.5	5.743791695130389e-9
-2.2192730588373463e-9	0.5	-2.238555036733794e-9	0.49999999999999994
 
R	C	R	C	B	C
-2.0957247933856328e-9	-0.5000000046488272	-2.2919413629283212e-9	0.49999999616892726	-0.28867513975635134	-0.5881607665225691	0.28426389507272903	0.309607852722427	0.47042406327230685	-0.07433792099845359
0.5	-7.302360685494286e-9	0.5	6.017835038703672e-9
-3.2919568074231454e-9	-0.49999999999999994	-3.600173074117096e-9	0.49999999999999994
 
R	C	B	C	R	C
-3.8944408756087565e-9	0.49999999801324224	-2.3592826385391837e-9	-0.5000000041945555	0.28867513030406344	-0.08816077552036351	-0.4228428861016597	0.2162495801466375	-0.27215898324374505	-0.3794659139981983
0.49999999999999994	3.1207918777826853e-9	0.5	-6.588792369947477e-9
-6.117373422326135e-9	0.5	-3.7059525024883214e-9	-0.49999999999999994
 
R	C	B	C	B	C
-2.464084294127487e-9	-0.5000000038856722	-2.1082370129170006e-9	-0.5000000039377792	-0.28867513854552707	0.08816077616483987	0.1986579285968262	-0.4587557271264764	0.2752322632569086	0.14933572143305962
0.5	-6.1035995951013224e-9	0.5	-6.185449122257275e-9
-3.870574558128452e-9	-0.49999999999999994	-3.3116109559030696e-9	-0.49999999999999994
 
 
Target State
0	1	2	4
 
R	B	C	R	C	R	C
-2.3675245704221078e-9	0.4999999968952573	-3.526901844604923e-9	-2.6720232516160585e-9	0.25000000036811926	-0.21188120961508128	0.15324042881268982	-0.3325581903232884	0.7555757326343164	-0.4295477106644465	-0.6323590436571761
0.5	4.876918455272821e-9	0.49999999999999994	0	0.5
-3.7188988988157124e-9	0.5	-5.540044462471558e-9	0	-4.1972043087490605e-9
 
R	B	C	R	C	B	C
-2.057758483831627e-9	0.49999999650035737	-2.6653600723873658e-9	-5.723562209794052e-9	0.2499999982380162	-0.21188119669511263	0.1532404238951759	0.37454857582992407	0.21516556070183224	-0.4730385004260116	-0.2061431152147985
0.5	5.497225816305067e-9	0.5	0	0.49999999999999994
-3.2323194678337556e-9	0.49999999999999994	-4.186737811291854e-9	0	-8.990550495326577e-9
 
R	B	C	B	C	R	C
-2.378935574264244e-9	0.49999999625053865	-2.355195371294205e-9	-2.362547806411587e-9	0.24999999553813257	-0.2118812040169738	-0.34675957777988553	-0.3745485922268358	0.21516556089653438	-0.5269615155739432	-0.29385689971722934
0.5	5.8896401395631615e-9	0.5	0	0.5
-3.736823261735982e-9	0.49999999999999994	-3.6995322381132796e-9	0	-3.711081416188661e-9
 
R	B	C	B	C	B	C
-3.2295161882575958e-9	0.4999999985340132	2.6810843714651014e-10	-2.5371041812765703e-9	0.2499999937980402	-0.21188119776035005	-0.34675958286803854	0.3325581962822151	-0.24442427049085427	-0.5704523157464118	0.13235902925256143
0.5	2.3027666746517843e-9	0.5	0	0.5
-5.072912165839687e-9	0.5	4.2114374825245855e-10	0	-3.98527392864521e-9
 
 
Target State
0	1	3	4
 
R	C	R	C	R	C	R	C
-2.1999883585031457e-9	0.4999999956576995	-0.5000000043081443	-2.029454732587624e-9	0.24999999741625073	0.5655512853394085	-0.3241994676189795	-0.3424719544935931	0.36585945802317593	-0.6192364279985321	0.6456545115380375	-0.25105920365458945
0.5	6.820869788511479e-9	0	-6.7672170893911034e-9	0.5
-3.455733632528275e-9	0.49999999999999994	0	-0.49999999999999994	-3.1878600393451587e-9
 
R	C	R	C	B	C	R	C
-2.4978784778381324e-9	0.49999999741370266	-0.5000000034654084	-2.768153537626793e-9	0.25000000721595766	0.5655512528490114	-0.32419944635188885	0.15752801091293037	0.3412472819983938	-0.2880782959399278	0.565583719324264	-0.4357648384410603
0.5	4.062546441004449e-9	0	-5.443450659585075e-9	0.5
-3.9236583377681655e-9	0.5	0	-0.49999999999999994	-4.348205408908465e-9
 
R	C	R	C	B	C	B	C
-3.758770839099267e-9	0.49999999702303644	-0.5000000032434394	-2.4185287237166354e-9	0.7499999881378582	-0.3302762921054501	-0.3510967834519065	0.1445813771448554	0.47921426152998015	-0.3327707951605427	-0.3842545967674312	0.012618894958896329
0.49999999999999994	4.676203455096888e-9	0	-5.094782676210892e-9	0.5
-5.9042634273209e-9	0.5	0	-0.5	-3.79901603546204e-9
 
R	C	B	C	R	C	R	C
-2.69464750597634e-9	0.49999999591006755	-0.5000000040331383	-2.515456617339432e-9	0.7499999937281367	0.16972368603979648	0.3510967686724546	0.14458137659732928	0.22789250183613538	-0.3374015295078675	-0.37897927137899967	-0.4769934937034156
0.5	6.4244508908035614e-9	0	-6.335238747405164e-9	0.5
-4.232742404394664e-9	0.49999999999999994	0	-0.49999999999999994	-3.9512700147286954e-9
 
R	C	B	C	R	C	B	C
-2.3540171212512762e-9	0.49999999625061137	-0.500000003614412	-2.4498412855081306e-9	0.24999999870166978	0.0655512738440424	0.324199453216953	0.15752804719122313	0.3658594462820821	-0.11923640482447906	0.3543454858112986	-0.2489408221710667
0.5	5.889525897613928e-9	0	-5.677505102078989e-9	0.5
-3.697681447273801e-9	0.49999999999999994	0	-0.49999999999999994	-3.848201692506659e-9
 
R	C	B	C	B	C	R	C
-2.3998345131246946e-9	0.49999999588593813	-0.5000000038781912	-2.3895770676564636e-9	-0.2499999925510621	-0.06555131682043376	-0.3241994877410647	0.34247191657644094	0.36585941652508996	0.11923638874844199	0.35434555152020714	-0.2510591714509931
0.5	6.462353349752752e-9	0	-6.0918484394971775e-9	0.5
-3.769651238131889e-9	0.49999999999999994	0	-0.49999999999999994	-3.753538880468093e-9
 
 
Target State
0	2	3	4
 
R	C	R	C	R	C	R	C
-2.5790376152295253e-9	-1.9491590791528256e-9	-0.5000000034659834	-2.6234762680800433e-9	0.24999999372409762	0.5655512804108537	0.1865213515179105	0.6718370325941049	-0.420110662488292	0.6474382596875955	0.6221440311067727	-0.34473529595703906
0.5	0	0.5	-5.44435393703791e-9	0.5
-4.051142812668408e-9	0	-3.0617319218721813e-9	-0.49999999999999994	-4.120946885333715e-9
 
R	C	R	C	R	C	B	C
-2.2787650626841886e-9	-1.9791412982154185e-9	0.4999999964985451	-2.9247922518618418e-9	0.24999998886824457	0.4344486825327872	0.1865213353586635	-0.6718370580410887	0.2869961264696145	-0.1713914986910807	-0.3701911456587768	0.11993289447325876
0.5	0	0.5	5.500072539162508e-9	0.5
-3.5794757900928657e-9	0	-3.108827881444862e-9	0.49999999999999994	-4.594252925862755e-9
 
R	C	R	C	B	C	R	C
-2.653619728053512e-9	-2.76483751883862e-9	-0.5000000037150044	-2.2330143336625766e-9	0.24999999350327867	0.5655512839408752	0.1865213504272795	0.1718370339801452	-0.2869961241466994	0.17139150232383815	0.37019109775938774	-0.6199328814072597
0.5	0	0.5	-5.835515262590413e-9	0.5
-4.168296121536929e-9	0	-4.34299661877642e-9	-0.49999999999999994	-3.507610712997529e-9
 
R	C	R	C	B	C	B	C
-2.5421891504397694e-9	-2.451991812495801e-9	0.4999999963977063	-2.9601137417980704e-9	-0.25000001175160647	0.5655512460891825	0.3908288896548482	0.08365635998464602	0.5014586186766451	0.48514072305079364	0.40574292188613664	0.1921994469007779
0.5	0	0.5	5.658469723420316e-9	0.5
-3.9932613795286285e-9	0	-3.851579732399565e-9	0.49999999999999994	-4.649735792511505e-9
 
R	C	B	C	R	C	R	C
-2.7742946318007388e-9	-2.5436633671895672e-9	0.49999999624678293	-2.360342346494573e-9	0.24999999028551473	-0.06555132014807742	-0.1865213368410411	-0.1718370609980293	-0.4201106587484216	-0.6474383022309751	-0.3778560135941978	0.6552646771335283
0.5	0	0.5	5.895539642671415e-9	0.5
-4.3578518170794e-9	0	-3.99557707378411e-9	0.49999999999999994	-3.707617087852122e-9
 
R	C	B	C	R	C	B	C
-4.145739254470707e-9	7.818836392377324e-10	0.4999999971835659	-1.727118006540646e-9	-0.2500000022832569	0.0655512739615203	0.18652136189926408	0.17183703650269808	0.4201106579705029	0.14743826487970704	-0.37785597043103764	-0.1552647234234933
0.49999999999999994	0	0.5	4.424044383695807e-9	0.5
-6.512111992771999e-9	0	1.228179948495656e-9	0.5	-2.7129506206153708e-9
 
R	C	B	C	B	C	R	C
-2.387298429774883e-9	-2.3480337319451335e-9	-0.5000000036292196	-2.442929852167396e-9	0.24999999319004274	0.06555128299034604	0.3908289161960278	-0.41634359020179695	-0.501458588564756	-0.014859261702089333	0.40574288911975875	-0.307800535735021
0.5	0	0.5	-5.700764718534096e-9	0.5
-3.74995960445361e-9	0	-3.688282761329928e-9	-0.49999999999999994	-3.837345238402145e-9
 
R	C	B	C	B	C	B	C
-2.3562912717706058e-9	-2.239723906258074e-9	0.49999999617064883	-2.313629796151541e-9	-0.2500000033452383	0.06555126946961574	0.1865213570032452	-0.3281629629284737	0.28699611120684193	0.6713915041187825	0.370191089815435	-0.11993287901250416
0.5	0	0.5	6.01513075746029e-9	0.5
-3.7012536745561425e-9	0	-3.5181500849848996e-9	0.49999999999999994	-3.6342411853580657e-9
 
 
Target State
1	2	3	4
 
R	C	R	C	R	C	R	C
0.49999999625443675	-2.767391815024673e-9	0.499999997480895	-1.4556816306068756e-9	0.24999999284179547	0.43444870159283416	0.18652134467076043	-0.555151339145553	0.2071387500526571	0.43398018796245075	0.3230564627397131	-0.6258259373882575
0	5.883517037537749e-9	0.5	3.957000868722409e-9	0.5
0	0.49999999999999994	-4.347008897843018e-9	0.5	-2.2865793583400857e-9
 
R	C	R	C	R	C	B	C
-0.5000000031329119	-2.843905302696813e-9	-0.5000000037483865	-2.566074926671048e-9	-0.2500000082504136	0.4344487315484169	-0.18652137076915623	-0.5551513187241991	-0.20713875474857496	-0.06601983430256615	0.3230564425346969	-0.1258259574319085
0	-4.921166554731522e-9	0.5	-5.887951762177274e-9	0.5
0	-0.5	-4.467196003228682e-9	-0.49999999999999994	-4.0307810690953655e-9
 
R	C	R	C	B	C	R	C
-0.5000000036625116	-2.3056319207618543e-9	-0.5000000038416528	-1.9684349041659395e-9	0.24999999355111843	0.5655512863053568	0.18652135274807247	0.05515132137781827	-0.2071387593220297	0.06601981698168559	0.32305645864589383	-0.3741740521556897
0	-5.75305977570762e-9	0.5	-6.034454016949248e-9	0.5
0	-0.49999999999999994	-3.6216781520737824e-9	-0.49999999999999994	-3.0920103169987217e-9
 
R	C	R	C	B	C	B	C
-0.5000000037221143	-2.3708339982647395e-9	0.49999999628761094	-2.382557372074567e-9	-0.2500000156357338	-0.4344487653138586	-0.18652138413320166	0.2536828433614296	0.2879782222516276	0.5449905945854279	0.5697422304381546	-0.12020708375255355
0	-5.846683440084327e-9	0.5	5.831407165564733e-9	0.5
0	-0.49999999999999994	-3.7240973359147106e-9	0.49999999999999994	-3.742512368432832e-9
 
R	C	B	C	R	C	R	C
-0.5000000034916934	-2.1530216643289766e-9	0.49999999529106703	-1.140406205763202e-9	0.25000000520830457	-0.06555127012797851	-0.18652136839580877	-0.2536828421096372	-0.41912853225928587	-0.6305425671464298	-0.5263652728659548	0.44097909720012485
0	-5.484739076714768e-9	0.5	7.396774667852262e-9	0.5
0	-0.49999999999999994	-3.381958521837791e-9	0.49999999999999994	-1.7913458790669426e-9
 
R	C	B	C	R	C	B	C
-0.5000000043097409	-1.973601885175473e-9	0.4999999969731809	-2.0546676734907903e-9	0.2500000044133986	-0.06555126391084584	-0.18652137362498858	-0.2536828418541427	0.2879782462863189	-0.044990591826039754	-0.5697422473808998	0.12020707430043304
0	-6.769725194226034e-9	0.5	4.754516366807897e-9	0.5
0	-0.49999999999999994	-3.100126591789116e-9	0.5	-3.2274644343035494e-9
 
R	C	B	C	B	C	R	C
-0.5000000042774814	-4.400633965707515e-9	0.4999999966318012	-7.113577359893351e-10	0.24999999273424303	-0.06555129544897134	-0.18652135338551576	0.24631716667173525	-0.2879782748348671	-0.04499056843267891	-0.4302577584171581	0.37979291902064866
0	-6.719051950846883e-9	0.49999999999999994	5.290754309746453e-9	0.5
0	-0.49999999999999994	-6.912499668902223e-9	0.49999999999999994	-1.1173981187291813e-9
 
R	C	B	C	B	C	B	C
-0.5000000067766358	-4.811135525599316e-9	0.49999999825343394	-3.94532536717377e-10	0.249999993742951	-0.06555129211541316	-0.18652135570951103	0.24631716904448542	0.41912850918139904	0.3694574418116935	-0.4736347303856388	0.059020902443510236
0	-1.0644714523637027e-8	0.49999999999999994	2.7434995692761026e-9	0.5
0	-0.4999999999999999	-7.55731401132384e-9	0.5	-6.197302594767284e-10
 
 