Target State
0	1	2	3	4
 
R	C	R	C	R	C	R	C
-2.369415403830462e-9	0.49999999627353775	-2.3759732767259225e-9	-0.5000000037217345	-2.370907532587842e-9	0.24999999854706498	0.5655512642738774	-0.9681791843386092	0.6154620133663472	0.38786661631632685	-0.30184290700240346	-0.4338173304692196	0.26150117507715726
0.4472135954999579	5.235541422888432e-9	0.4472135954999579	-5.228899000438767e-9	0.4472135954999579
-3.328940846556608e-9	0.44721359549995787	-3.338154414980673e-9	-0.44721359549995787	-3.3310372321716986e-9
 
R	C	R	C	R	C	B	C
-5.141067986941775e-9	0.49999999646163146	0.999999992791327	-0.500000005644165	-2.363722612692589e-9	-0.2500000027257059	0.4344487283049234	0.24718079657282438	-0.4927355382478335	0.3786748175854627	0.2754397746587928	0.44513070707203684	-0.23547644039475726
0.44721359549995787	4.9712767545902875e-9	-0.4472135954999578	-7.929842635735458e-9	0.4472135954999579
-7.223010025590094e-9	0.44721359549995787	1.0127918574924313e-8	-0.44721359549995787	-3.3209426859473945e-9
 
R	C	R	C	B	C	R	C
-2.378133790065991e-9	0.4999999962817602	-2.3699084119636733e-9	-0.5000000037015095	-2.386388365352429e-9	-0.2500000124437779	0.43444873277582674	-0.18652137478397712	-0.253682851025852	0.33557930245476364	-0.19245007607975415	-0.5494000352461406	-0.3987135976195982
0.4472135954999579	5.223989198459711e-9	0.4472135954999579	-5.200483715917967e-9	0.4472135954999579
-3.341189856168257e-9	0.44721359549995787	-3.329633504715949e-9	-0.44721359549995787	-3.3527872285823884e-9
 
R	C	R	C	B	C	B	C
-3.206675228644369e-9	0.5000000007325117	-7.678575414431351e-9	-0.4999999989623272	-2.734421162758945e-9	-0.25000000999236405	0.43444873494188424	0.3908288990505064	-0.2217730120025089	0.4010215861735945	0.5070175705496466	0.34320966623896926	-0.1972211915203672
0.4472135954999579	-1.0291517842824286e-9	0.44721359549995776	1.457891842603535e-9	0.4472135954999579
-4.5052598767688705e-9	0.4472135954999579	-1.0788113936940899e-8	-0.4472135954999579	-3.84176041300371e-9
 
R	C	B	C	R	C	R	C
-2.59209540852695e-9	0.4999999965665766	-2.666123008626022e-9	-0.5000000036768747	-2.3747241190952513e-9	-0.24999999287198035	-0.06555132419857619	0.1865213360562757	-0.25368283663172114	-0.33557934608911255	0.30754995162034954	-0.5494000558205143	-0.3987136011466064
0.4472135954999579	4.8238326959415e-9	0.4472135954999579	-5.165872721260224e-9	0.4472135954999579
-3.641798002016629e-9	0.44721359549995787	-3.74580403715254e-9	-0.44721359549995787	-3.3363993947956062e-9
 
R	C	B	C	R	C	B	C
1.5786900681605595e-9	0.5000000009452287	-4.427058205865661e-10	0.4999999949936463	-4.443710576306426e-9	-0.2500000395951744	0.06555111829306101	0.18652145607439005	0.055151169163813615	0.4241304799405852	0.8960982305276971	0.7904969175404699	0.04337474928611061
0.4472135954999579	-1.328011261115637e-9	0.4472135954999579	7.033741502369321e-9	0.44721359549995787
2.2180010493123973e-9	0.4472135954999579	-6.219852739947965e-10	0.44721359549995787	-6.243248703383771e-9
 
R	C	B	C	B	C	R	C
-4.417324409462706e-10	0.49999999660117206	-3.3096182654406648e-9	-0.5000000037318072	-2.882483795762572e-9	-0.25000001152675305	-0.06555127014067784	0.1865213660668895	-0.7536828561876449	0.33557930756543636	0.8075499241448698	-0.5494000437070072	-0.3987135964581049
0.4472135954999579	4.775227358357803e-9	0.4472135954999579	-5.243050736030037e-9	0.4472135954999579
-6.206177116675877e-10	0.44721359549995787	-4.6498910290378076e-9	-0.44721359549995787	-4.04978292609182e-9
 
R	C	B	C	B	C	B	C
-2.1288894821935418e-9	0.4999999956032371	-2.1840070361004707e-9	0.49999999595871303	-3.6739687803775767e-9	-0.25000000582754667	0.06555126473977789	0.1865213647895671	-0.4448486919078866	0.2829761800301509	0.5990733129888627	0.20886696703001967	0.04865898307171737
0.4472135954999579	6.177288966498195e-9	0.4472135954999579	5.677858505027144e-9	0.44721359549995787
-2.9910108390541707e-9	0.44721359549995787	-3.068448959979036e-9	0.44721359549995787	-5.161790001956026e-9
 
 